"set1" : {"x" : 0.18555, "Q" : 56.72455, "y" : 0.19268,
  "kt2Pi"  : {"mlabel" : 0, "data" : [(5.26485, 1.14702, 5.58127, 0),(0.375158, 1.97968, 5.74854, 0),(0.98098, 1.08641, 6.17966, 0),(13.5621, 1.26757, 0.172698, 0),(1.82507, 1.28349, 0.334918, 0),(0.802931, 0.923193, 2.37554, 0),(2.58633, 2.05144, 2.33439, 0),(0.522717, 1.69741, 2.00337, 0),(10.1323, 2.31555, 2.49799, 0),(4.93476, 2.10355, 2.67859, 0),(5.11412, 1.72615, 3.65539, 0),(2.17461, 1.59466, 3.9833, 0),(1.16125, 1.73249, 4.24811, 0),(1.99105, 1.75493, 4.43122, 0),(0.78595, 1.17868, 4.54313, 0),(0.809965, 0.893433, 4.43059, 0),(99.8332, 0.000441629, 4.75679, 1)]},
  "ktPi"  : {"mlabel" : 0, "data" : [(0.802931, 0.923193, 2.37554, 0),(2.58633, 2.05144, 2.33439, 0),(0.522717, 1.69741, 2.00337, 0),(10.1323, 2.31555, 2.49799, 0),(4.93476, 2.10355, 2.67859, 0),(5.11412, 1.72615, 3.65539, 0),(2.17461, 1.59466, 3.9833, 0),(1.16125, 1.73249, 4.24811, 0),(1.99105, 1.75493, 4.43122, 0),(0.78595, 1.17868, 4.54313, 0),(0.809965, 0.893433, 4.43059, 0),(5.26485, 1.14702, 5.58127, 1),(0.375158, 1.97968, 5.74854, 1),(0.98098, 1.08641, 6.17966, 1),(13.5621, 1.26757, 0.172698, 1),(1.82507, 1.28349, 0.334918, 1),(99.8332, 0.000441629, 4.75679, 2)]},
  "kt"  : {"mlabel" : 0, "data" : [(4.93476, 2.10355, 2.67859, 0),(10.1323, 2.31555, 2.49799, 0),(2.58633, 2.05144, 2.33439, 0),(0.522717, 1.69741, 2.00337, 0),(5.11412, 1.72615, 3.65539, 0),(2.17461, 1.59466, 3.9833, 0),(1.16125, 1.73249, 4.24811, 0),(1.99105, 1.75493, 4.43122, 0),(0.78595, 1.17868, 4.54313, 0),(0.809965, 0.893433, 4.43059, 0),(5.26485, 1.14702, 5.58127, 1),(0.375158, 1.97968, 5.74854, 1),(0.98098, 1.08641, 6.17966, 1),(13.5621, 1.26757, 0.172698, 1),(1.82507, 1.28349, 0.334918, 1),(0.802931, 0.923193, 2.37554, 2),(99.8332, 0.000441629, 4.75679, 3)]},
  "kt08"  : {"mlabel" : 0, "data" : [(4.93476, 2.10355, 2.67859, 0),(10.1323, 2.31555, 2.49799, 0),(2.58633, 2.05144, 2.33439, 0),(0.522717, 1.69741, 2.00337, 0),(5.26485, 1.14702, 5.58127, 1),(0.375158, 1.97968, 5.74854, 1),(0.98098, 1.08641, 6.17966, 1),(13.5621, 1.26757, 0.172698, 1),(1.82507, 1.28349, 0.334918, 1),(5.11412, 1.72615, 3.65539, 2),(2.17461, 1.59466, 3.9833, 2),(1.16125, 1.73249, 4.24811, 2),(1.99105, 1.75493, 4.43122, 2),(0.78595, 1.17868, 4.54313, 2),(0.809965, 0.893433, 4.43059, 2),(0.802931, 0.923193, 2.37554, 3),(99.8332, 0.000441629, 4.75679, 4)]},
  "ktPio3"  : {"mlabel" : 0, "data" : [(4.93476, 2.10355, 2.67859, 0),(10.1323, 2.31555, 2.49799, 0),(2.58633, 2.05144, 2.33439, 0),(0.522717, 1.69741, 2.00337, 0),(5.26485, 1.14702, 5.58127, 1),(0.375158, 1.97968, 5.74854, 1),(0.98098, 1.08641, 6.17966, 1),(13.5621, 1.26757, 0.172698, 1),(1.82507, 1.28349, 0.334918, 1),(1.16125, 1.73249, 4.24811, 2),(1.99105, 1.75493, 4.43122, 2),(5.11412, 1.72615, 3.65539, 2),(2.17461, 1.59466, 3.9833, 2),(0.78595, 1.17868, 4.54313, 3),(0.809965, 0.893433, 4.43059, 3),(0.802931, 0.923193, 2.37554, 4),(99.8332, 0.000441629, 4.75679, 5)]},
  "ktPio5"  : {"mlabel" : 0, "data" : [(4.93476, 2.10355, 2.67859, 0),(10.1323, 2.31555, 2.49799, 0),(2.58633, 2.05144, 2.33439, 0),(0.522717, 1.69741, 2.00337, 0),(0.98098, 1.08641, 6.17966, 1),(13.5621, 1.26757, 0.172698, 1),(1.82507, 1.28349, 0.334918, 1),(1.16125, 1.73249, 4.24811, 2),(1.99105, 1.75493, 4.43122, 2),(5.11412, 1.72615, 3.65539, 2),(2.17461, 1.59466, 3.9833, 2),(5.26485, 1.14702, 5.58127, 3),(0.78595, 1.17868, 4.54313, 4),(0.809965, 0.893433, 4.43059, 4),(0.802931, 0.923193, 2.37554, 5),(0.375158, 1.97968, 5.74854, 6),(99.8332, 0.000441629, 4.75679, 7)]},
  "ca2Pi"  : {"mlabel" : 0, "data" : [(0.375158, 1.97968, 5.74854, 0),(5.26485, 1.14702, 5.58127, 0),(0.98098, 1.08641, 6.17966, 0),(13.5621, 1.26757, 0.172698, 0),(1.82507, 1.28349, 0.334918, 0),(0.78595, 1.17868, 4.54313, 0),(0.809965, 0.893433, 4.43059, 0),(1.16125, 1.73249, 4.24811, 0),(1.99105, 1.75493, 4.43122, 0),(5.11412, 1.72615, 3.65539, 0),(2.17461, 1.59466, 3.9833, 0),(0.802931, 0.923193, 2.37554, 0),(0.522717, 1.69741, 2.00337, 0),(2.58633, 2.05144, 2.33439, 0),(10.1323, 2.31555, 2.49799, 0),(4.93476, 2.10355, 2.67859, 0),(99.8332, 0.000441629, 4.75679, 1)]},
  "caPi"  : {"mlabel" : 0, "data" : [(0.78595, 1.17868, 4.54313, 0),(0.809965, 0.893433, 4.43059, 0),(1.16125, 1.73249, 4.24811, 0),(1.99105, 1.75493, 4.43122, 0),(5.11412, 1.72615, 3.65539, 0),(2.17461, 1.59466, 3.9833, 0),(0.802931, 0.923193, 2.37554, 0),(0.522717, 1.69741, 2.00337, 0),(2.58633, 2.05144, 2.33439, 0),(10.1323, 2.31555, 2.49799, 0),(4.93476, 2.10355, 2.67859, 0),(0.375158, 1.97968, 5.74854, 1),(5.26485, 1.14702, 5.58127, 1),(0.98098, 1.08641, 6.17966, 1),(13.5621, 1.26757, 0.172698, 1),(1.82507, 1.28349, 0.334918, 1),(99.8332, 0.000441629, 4.75679, 2)]},
  "ca"  : {"mlabel" : 0, "data" : [(0.522717, 1.69741, 2.00337, 0),(2.58633, 2.05144, 2.33439, 0),(10.1323, 2.31555, 2.49799, 0),(4.93476, 2.10355, 2.67859, 0),(0.78595, 1.17868, 4.54313, 0),(0.809965, 0.893433, 4.43059, 0),(1.16125, 1.73249, 4.24811, 0),(1.99105, 1.75493, 4.43122, 0),(5.11412, 1.72615, 3.65539, 0),(2.17461, 1.59466, 3.9833, 0),(0.375158, 1.97968, 5.74854, 1),(5.26485, 1.14702, 5.58127, 1),(0.98098, 1.08641, 6.17966, 1),(13.5621, 1.26757, 0.172698, 1),(1.82507, 1.28349, 0.334918, 1),(0.802931, 0.923193, 2.37554, 2),(99.8332, 0.000441629, 4.75679, 3)]},
  "ca08"  : {"mlabel" : 0, "data" : [(0.522717, 1.69741, 2.00337, 0),(2.58633, 2.05144, 2.33439, 0),(10.1323, 2.31555, 2.49799, 0),(4.93476, 2.10355, 2.67859, 0),(1.16125, 1.73249, 4.24811, 1),(1.99105, 1.75493, 4.43122, 1),(5.11412, 1.72615, 3.65539, 1),(2.17461, 1.59466, 3.9833, 1),(0.375158, 1.97968, 5.74854, 2),(5.26485, 1.14702, 5.58127, 2),(0.98098, 1.08641, 6.17966, 2),(13.5621, 1.26757, 0.172698, 2),(1.82507, 1.28349, 0.334918, 2),(0.78595, 1.17868, 4.54313, 3),(0.809965, 0.893433, 4.43059, 3),(0.802931, 0.923193, 2.37554, 4),(99.8332, 0.000441629, 4.75679, 5)]},
  "caPio3"  : {"mlabel" : 0, "data" : [(0.522717, 1.69741, 2.00337, 0),(2.58633, 2.05144, 2.33439, 0),(10.1323, 2.31555, 2.49799, 0),(4.93476, 2.10355, 2.67859, 0),(0.375158, 1.97968, 5.74854, 1),(1.16125, 1.73249, 4.24811, 2),(1.99105, 1.75493, 4.43122, 2),(5.11412, 1.72615, 3.65539, 2),(2.17461, 1.59466, 3.9833, 2),(0.98098, 1.08641, 6.17966, 3),(13.5621, 1.26757, 0.172698, 3),(1.82507, 1.28349, 0.334918, 3),(5.26485, 1.14702, 5.58127, 4),(0.78595, 1.17868, 4.54313, 5),(0.809965, 0.893433, 4.43059, 5),(0.802931, 0.923193, 2.37554, 6),(99.8332, 0.000441629, 4.75679, 7)]},
  "caPio5"  : {"mlabel" : 0, "data" : [(2.58633, 2.05144, 2.33439, 0),(10.1323, 2.31555, 2.49799, 0),(4.93476, 2.10355, 2.67859, 0),(0.375158, 1.97968, 5.74854, 1),(1.16125, 1.73249, 4.24811, 2),(1.99105, 1.75493, 4.43122, 2),(5.11412, 1.72615, 3.65539, 2),(2.17461, 1.59466, 3.9833, 2),(0.522717, 1.69741, 2.00337, 3),(0.98098, 1.08641, 6.17966, 4),(13.5621, 1.26757, 0.172698, 4),(1.82507, 1.28349, 0.334918, 4),(5.26485, 1.14702, 5.58127, 5),(0.78595, 1.17868, 4.54313, 6),(0.809965, 0.893433, 4.43059, 6),(0.802931, 0.923193, 2.37554, 7),(99.8332, 0.000441629, 4.75679, 8)]},
  "akt2Pi"  : {"mlabel" : 0, "data" : [(0.375158, 1.97968, 5.74854, 0),(5.26485, 1.14702, 5.58127, 0),(0.98098, 1.08641, 6.17966, 0),(13.5621, 1.26757, 0.172698, 0),(1.82507, 1.28349, 0.334918, 0),(0.809965, 0.893433, 4.43059, 0),(0.78595, 1.17868, 4.54313, 0),(1.99105, 1.75493, 4.43122, 0),(0.802931, 0.923193, 2.37554, 0),(1.16125, 1.73249, 4.24811, 0),(2.17461, 1.59466, 3.9833, 0),(5.11412, 1.72615, 3.65539, 0),(0.522717, 1.69741, 2.00337, 0),(2.58633, 2.05144, 2.33439, 0),(10.1323, 2.31555, 2.49799, 0),(4.93476, 2.10355, 2.67859, 0),(99.8332, 0.000441629, 4.75679, 1)]},
  "aktPi"  : {"mlabel" : 0, "data" : [(0.375158, 1.97968, 5.74854, 0),(5.26485, 1.14702, 5.58127, 0),(0.98098, 1.08641, 6.17966, 0),(13.5621, 1.26757, 0.172698, 0),(1.82507, 1.28349, 0.334918, 0),(0.809965, 0.893433, 4.43059, 0),(0.78595, 1.17868, 4.54313, 0),(1.99105, 1.75493, 4.43122, 0),(0.802931, 0.923193, 2.37554, 0),(1.16125, 1.73249, 4.24811, 0),(2.17461, 1.59466, 3.9833, 0),(5.11412, 1.72615, 3.65539, 0),(0.522717, 1.69741, 2.00337, 0),(2.58633, 2.05144, 2.33439, 0),(10.1323, 2.31555, 2.49799, 0),(4.93476, 2.10355, 2.67859, 0),(99.8332, 0.000441629, 4.75679, 1)]},
  "akt"  : {"mlabel" : 0, "data" : [(0.809965, 0.893433, 4.43059, 0),(0.78595, 1.17868, 4.54313, 0),(1.99105, 1.75493, 4.43122, 0),(0.802931, 0.923193, 2.37554, 0),(1.16125, 1.73249, 4.24811, 0),(2.17461, 1.59466, 3.9833, 0),(5.11412, 1.72615, 3.65539, 0),(0.522717, 1.69741, 2.00337, 0),(2.58633, 2.05144, 2.33439, 0),(10.1323, 2.31555, 2.49799, 0),(4.93476, 2.10355, 2.67859, 0),(0.375158, 1.97968, 5.74854, 1),(5.26485, 1.14702, 5.58127, 1),(0.98098, 1.08641, 6.17966, 1),(13.5621, 1.26757, 0.172698, 1),(1.82507, 1.28349, 0.334918, 1),(99.8332, 0.000441629, 4.75679, 2)]},
  "akt08"  : {"mlabel" : 1, "data" : [(0.78595, 1.17868, 4.54313, 0),(0.809965, 0.893433, 4.43059, 0),(1.99105, 1.75493, 4.43122, 1),(0.802931, 0.923193, 2.37554, 1),(1.16125, 1.73249, 4.24811, 1),(2.17461, 1.59466, 3.9833, 1),(5.11412, 1.72615, 3.65539, 1),(0.522717, 1.69741, 2.00337, 1),(2.58633, 2.05144, 2.33439, 1),(10.1323, 2.31555, 2.49799, 1),(4.93476, 2.10355, 2.67859, 1),(0.375158, 1.97968, 5.74854, 2),(5.26485, 1.14702, 5.58127, 2),(0.98098, 1.08641, 6.17966, 2),(13.5621, 1.26757, 0.172698, 2),(1.82507, 1.28349, 0.334918, 2),(99.8332, 0.000441629, 4.75679, 3)]},
  "aktPio3"  : {"mlabel" : 2, "data" : [(0.375158, 1.97968, 5.74854, 0),(0.809965, 0.893433, 4.43059, 1),(0.78595, 1.17868, 4.54313, 1),(1.99105, 1.75493, 4.43122, 1),(0.802931, 0.923193, 2.37554, 2),(1.16125, 1.73249, 4.24811, 2),(2.17461, 1.59466, 3.9833, 2),(5.11412, 1.72615, 3.65539, 2),(0.522717, 1.69741, 2.00337, 2),(2.58633, 2.05144, 2.33439, 2),(10.1323, 2.31555, 2.49799, 2),(4.93476, 2.10355, 2.67859, 2),(5.26485, 1.14702, 5.58127, 3),(0.98098, 1.08641, 6.17966, 3),(13.5621, 1.26757, 0.172698, 3),(1.82507, 1.28349, 0.334918, 3),(99.8332, 0.000441629, 4.75679, 4)]},
  "aktPio5"  : {"mlabel" : 5, "data" : [(0.375158, 1.97968, 5.74854, 0),(0.802931, 0.923193, 2.37554, 1),(0.78595, 1.17868, 4.54313, 2),(0.809965, 0.893433, 4.43059, 2),(5.26485, 1.14702, 5.58127, 3),(1.99105, 1.75493, 4.43122, 4),(1.16125, 1.73249, 4.24811, 4),(5.11412, 1.72615, 3.65539, 4),(2.17461, 1.59466, 3.9833, 4),(0.522717, 1.69741, 2.00337, 5),(2.58633, 2.05144, 2.33439, 5),(10.1323, 2.31555, 2.49799, 5),(4.93476, 2.10355, 2.67859, 5),(0.98098, 1.08641, 6.17966, 6),(13.5621, 1.26757, 0.172698, 6),(1.82507, 1.28349, 0.334918, 6),(99.8332, 0.000441629, 4.75679, 7)]},
  "cen2Pi"  : {"mlabel" : 0, "data" : [(0.98098, 1.08641, 6.17966, 0),(13.5621, 1.26757, 0.172698, 0),(1.82507, 1.28349, 0.334918, 0),(5.26485, 1.14702, 5.58127, 0),(0.375158, 1.97968, 5.74854, 0),(0.78595, 1.17868, 4.54313, 0),(0.809965, 0.893433, 4.43059, 0),(0.802931, 0.923193, 2.37554, 0),(1.16125, 1.73249, 4.24811, 0),(1.99105, 1.75493, 4.43122, 0),(5.11412, 1.72615, 3.65539, 0),(2.17461, 1.59466, 3.9833, 0),(0.522717, 1.69741, 2.00337, 0),(2.58633, 2.05144, 2.33439, 0),(10.1323, 2.31555, 2.49799, 0),(4.93476, 2.10355, 2.67859, 0),(99.8332, 0.000441629, 4.75679, 1)]},
  "cenPi"  : {"mlabel" : 0, "data" : [(1.16125, 1.73249, 4.24811, 0),(1.99105, 1.75493, 4.43122, 0),(5.11412, 1.72615, 3.65539, 0),(2.17461, 1.59466, 3.9833, 0),(0.522717, 1.69741, 2.00337, 0),(2.58633, 2.05144, 2.33439, 0),(10.1323, 2.31555, 2.49799, 0),(4.93476, 2.10355, 2.67859, 0),(0.802931, 0.923193, 2.37554, 1),(5.26485, 1.14702, 5.58127, 2),(0.375158, 1.97968, 5.74854, 2),(0.78595, 1.17868, 4.54313, 3),(0.809965, 0.893433, 4.43059, 3),(0.98098, 1.08641, 6.17966, 4),(13.5621, 1.26757, 0.172698, 4),(1.82507, 1.28349, 0.334918, 4),(99.8332, 0.000441629, 4.75679, 5)]},
  "cen"  : {"mlabel" : 2, "data" : [(5.11412, 1.72615, 3.65539, 0),(2.17461, 1.59466, 3.9833, 0),(0.802931, 0.923193, 2.37554, 1),(2.58633, 2.05144, 2.33439, 2),(10.1323, 2.31555, 2.49799, 2),(4.93476, 2.10355, 2.67859, 2),(0.809965, 0.893433, 4.43059, 3),(0.522717, 1.69741, 2.00337, 4),(13.5621, 1.26757, 0.172698, 5),(1.82507, 1.28349, 0.334918, 5),(5.26485, 1.14702, 5.58127, 6),(1.16125, 1.73249, 4.24811, 7),(1.99105, 1.75493, 4.43122, 7),(0.375158, 1.97968, 5.74854, 8),(0.78595, 1.17868, 4.54313, 9),(0.98098, 1.08641, 6.17966, 10),(99.8332, 0.000441629, 4.75679, 11)]},
  "cen08"  : {"mlabel" : 2, "data" : [(5.11412, 1.72615, 3.65539, 0),(2.17461, 1.59466, 3.9833, 0),(0.802931, 0.923193, 2.37554, 1),(2.58633, 2.05144, 2.33439, 2),(10.1323, 2.31555, 2.49799, 2),(4.93476, 2.10355, 2.67859, 2),(0.809965, 0.893433, 4.43059, 3),(0.522717, 1.69741, 2.00337, 4),(13.5621, 1.26757, 0.172698, 5),(1.82507, 1.28349, 0.334918, 5),(5.26485, 1.14702, 5.58127, 6),(1.16125, 1.73249, 4.24811, 7),(1.99105, 1.75493, 4.43122, 7),(0.375158, 1.97968, 5.74854, 8),(0.78595, 1.17868, 4.54313, 9),(0.98098, 1.08641, 6.17966, 10),(99.8332, 0.000441629, 4.75679, 11)]},
  "cenPio3"  : {"mlabel" : 2, "data" : [(5.11412, 1.72615, 3.65539, 0),(2.17461, 1.59466, 3.9833, 0),(0.802931, 0.923193, 2.37554, 1),(2.58633, 2.05144, 2.33439, 2),(10.1323, 2.31555, 2.49799, 2),(4.93476, 2.10355, 2.67859, 2),(0.809965, 0.893433, 4.43059, 3),(0.522717, 1.69741, 2.00337, 4),(13.5621, 1.26757, 0.172698, 5),(1.82507, 1.28349, 0.334918, 5),(5.26485, 1.14702, 5.58127, 6),(1.16125, 1.73249, 4.24811, 7),(1.99105, 1.75493, 4.43122, 7),(0.375158, 1.97968, 5.74854, 8),(0.78595, 1.17868, 4.54313, 9),(0.98098, 1.08641, 6.17966, 10),(99.8332, 0.000441629, 4.75679, 11)]},
  "cenPio5"  : {"mlabel" : 2, "data" : [(5.11412, 1.72615, 3.65539, 0),(2.17461, 1.59466, 3.9833, 1),(2.58633, 2.05144, 2.33439, 2),(10.1323, 2.31555, 2.49799, 2),(4.93476, 2.10355, 2.67859, 2),(0.809965, 0.893433, 4.43059, 3),(0.522717, 1.69741, 2.00337, 4),(13.5621, 1.26757, 0.172698, 5),(5.26485, 1.14702, 5.58127, 6),(1.16125, 1.73249, 4.24811, 7),(1.99105, 1.75493, 4.43122, 7),(0.375158, 1.97968, 5.74854, 8),(1.82507, 1.28349, 0.334918, 9),(0.98098, 1.08641, 6.17966, 10),(0.802931, 0.923193, 2.37554, 11),(0.78595, 1.17868, 4.54313, 12),(99.8332, 0.000441629, 4.75679, 13)]},
},
"set2" : {"x" : 0.18555, "Q" : 56.72455, "y" : 0.19268,
  "kt2Pi"  : {"mlabel" : 0, "data" : [(1e-06, 1.71574, 5.76701, 0),(1e-06, 1.66228, 5.70127, 0),(1e-06, 1.62041, 5.7111, 0),(1e-06, 1.62975, 5.54929, 0),(1e-06, 1.63872, 5.59522, 0),(1e-06, 1.51386, 5.72306, 0),(1e-06, 1.42806, 5.59488, 0),(1e-06, 1.52844, 5.64014, 0),(1e-06, 1.51928, 5.57067, 0),(1e-06, 1.31591, 5.72206, 0),(1e-06, 1.39835, 5.76782, 0),(1e-06, 1.39349, 5.83575, 0),(1e-06, 1.2533, 5.84173, 0),(1e-06, 1.28732, 5.86225, 0),(1e-06, 1.29797, 5.8515, 0),(1e-06, 1.16694, 5.74131, 0),(1e-06, 1.17031, 5.90447, 0),(1e-06, 1.22227, 5.8763, 0),(1e-06, 1.21236, 5.85692, 0),(1e-06, 1.58134, 5.84949, 0),(1e-06, 1.65144, 5.90539, 0),(1e-06, 1.63182, 5.95125, 0),(1e-06, 1.66808, 5.95461, 0),(1e-06, 1.4705, 5.85539, 0),(1e-06, 1.44732, 5.90722, 0),(1e-06, 1.43611, 5.95551, 0),(1e-06, 1.45779, 6.03874, 0),(1e-06, 1.41181, 6.03886, 0),(1e-06, 1.35199, 5.94366, 0),(1e-06, 1.30041, 6.00771, 0),(5.26485, 1.14702, 5.58127, 0),(1e-06, 1.30693, 5.2551, 0),(1e-06, 1.33496, 5.28489, 0),(1e-06, 1.29459, 5.28737, 0),(1e-06, 1.29908, 5.30635, 0),(1e-06, 1.52469, 5.40496, 0),(1e-06, 1.38076, 5.39418, 0),(1e-06, 1.4331, 5.3927, 0),(1e-06, 1.08599, 5.46185, 0),(1e-06, 1.10393, 5.37264, 0),(1e-06, 1.18281, 5.40046, 0),(1e-06, 1.1572, 5.36457, 0),(1e-06, 1.14973, 5.3917, 0),(1e-06, 1.27161, 5.57011, 0),(1e-06, 1.27515, 5.38451, 0),(1e-06, 1.25983, 5.4531, 0),(1e-06, 1.23011, 5.47444, 0),(1e-06, 1.23085, 5.45375, 0),(1e-06, 1.99033, 5.93642, 0),(1e-06, 1.97239, 5.93417, 0),(1e-06, 1.96659, 5.93777, 0),(1e-06, 1.79126, 5.88689, 0),(1e-06, 1.92098, 5.88423, 0),(1e-06, 1.88285, 5.85297, 0),(1e-06, 1.85032, 5.8461, 0),(1e-06, 1.85294, 5.81511, 0),(1e-06, 1.96097, 5.48507, 0),(1e-06, 1.98434, 5.55878, 0),(1e-06, 1.99556, 5.63303, 0),(1e-06, 2.02528, 5.61494, 0),(1e-06, 2.16268, 5.99599, 0),(1e-06, 2.13407, 5.87285, 0),(1e-06, 2.07538, 5.89591, 0),(0.375158, 1.97968, 5.74854, 0),(1e-06, 2.16155, 5.78641, 0),(1e-06, 2.135, 5.71092, 0),(1e-06, 2.08864, 5.66022, 0),(1e-06, 2.06174, 6.11475, 0),(1e-06, 1.97651, 6.12862, 0),(1e-06, 1.98099, 6.0849, 0),(1e-06, 2.10848, 0.0483691, 0),(1e-06, 2.10548, 6.25429, 0),(1e-06, 2.09707, 6.20421, 0),(1e-06, 1.73687, 5.99434, 0),(1e-06, 1.85388, 6.00301, 0),(1e-06, 1.80547, 6.08979, 0),(1e-06, 1.7922, 6.06373, 0),(1e-06, 1.81239, 6.05024, 0),(1e-06, 1.70398, 0.0104139, 0),(1e-06, 1.85239, 6.25387, 0),(1e-06, 1.77519, 6.19165, 0),(1e-06, 1.79968, 6.23836, 0),(1e-06, 2.10116, 5.42643, 0),(1e-06, 2.23089, 5.5233, 0),(1e-06, 2.24827, 5.40377, 0),(1e-06, 2.18939, 5.43023, 0),(1e-06, 2.20397, 5.40141, 0),(1e-06, 2.33555, 5.15279, 0),(1e-06, 2.34415, 5.10102, 0),(1e-06, 2.22714, 5.20693, 0),(1e-06, 2.29331, 5.22479, 0),(1e-06, 2.30565, 5.27509, 0),(1e-06, 2.05947, 5.24668, 0),(1e-06, 2.09013, 5.23627, 0),(1e-06, 2.12639, 5.25177, 0),(1e-06, 2.11723, 5.22857, 0),(1e-06, 2.04713, 5.11632, 0),(1e-06, 1.95292, 5.04586, 0),(1e-06, 2.02601, 5.02048, 0),(1e-06, 2.0361, 4.97386, 0),(1e-06, 2.14097, 5.15961, 0),(1e-06, 2.17013, 5.12335, 0),(1e-06, 2.17013, 5.11214, 0),(1e-06, 2.18657, 4.99369, 0),(1e-06, 2.14788, 4.95557, 0),(1e-06, 1.96302, 5.29069, 0),(1e-06, 1.89368, 5.35278, 0),(1e-06, 1.85498, 5.25954, 0),(1e-06, 1.85704, 5.31546, 0),(1e-06, 1.8447, 5.31291, 0),(1e-06, 1.74228, 5.59667, 0),(1e-06, 1.7419, 5.56674, 0),(1e-06, 1.84433, 5.56367, 0),(1e-06, 1.81181, 5.50762, 0),(1e-06, 1.78882, 5.55315, 0),(1e-06, 1.81554, 5.42234, 0),(1e-06, 1.82209, 5.46881, 0),(1e-06, 1.82489, 5.45295, 0),(1e-06, 1.7447, 5.42573, 0),(1e-06, 1.76395, 5.38391, 0),(1e-06, 1.77835, 5.40874, 0),(1e-06, 1.7675, 5.10852, 0),(1e-06, 1.82077, 5.13625, 0),(1e-06, 1.88619, 5.13689, 0),(1e-06, 1.7946, 5.0491, 0),(1e-06, 1.86227, 5.10097, 0),(1e-06, 1.84619, 5.06648, 0),(1e-06, 1.86507, 5.0504, 0),(1e-06, 1.58955, 5.22294, 0),(1e-06, 1.5574, 5.21895, 0),(1e-06, 1.54973, 5.13535, 0),(1e-06, 1.60245, 5.13931, 0),(1e-06, 1.77143, 5.21934, 0),(1e-06, 1.70918, 5.21925, 0),(1e-06, 1.69441, 5.22389, 0),(1e-06, 1.6204, 5.36919, 0),(1e-06, 1.70133, 5.32744, 0),(1e-06, 3.01186, 6.11418, 0),(1e-06, 2.9913, 5.9536, 0),(1e-06, 2.99822, 6.02504, 0),(1e-06, 2.92776, 0.278969, 0),(1e-06, 2.95618, 0.314687, 0),(1e-06, 2.94889, 0.324305, 0),(1e-06, 2.99002, 0.736627, 0),(1e-06, 3.00516, 0.603233, 0),(1e-06, 2.97749, 0.463379, 0),(1e-06, 2.98197, 0.219963, 0),(1e-06, 2.99991, 0.293567, 0),(1e-06, 2.76197, 0.45785, 0),(1e-06, 2.8216, 0.674275, 0),(1e-06, 2.77338, 0.610326, 0),(1e-06, 2.82552, 0.332486, 0),(1e-06, 2.85636, 0.380537, 0),(1e-06, 2.86982, 0.292802, 0),(1e-06, 2.91504, 0.0461017, 0),(1e-06, 2.87149, 0.112749, 0),(1e-06, 2.89804, 0.236966, 0),(1e-06, 2.92373, 2.93556, 0),(1e-06, 2.92073, 2.70457, 0),(1e-06, 2.90839, 2.57018, 0),(1e-06, 2.97662, 2.57807, 0),(1e-06, 2.97343, 2.40143, 0),(1e-06, 3.02167, 2.60238, 0),(1e-06, 2.99623, 2.25334, 0),(1e-06, 3.01231, 2.30696, 0),(1e-06, 3.08501, 1.75736, 0),(1e-06, 3.1037, 1.61584, 0),(1e-06, 3.10071, 1.88215, 0),(1e-06, 3.08914, 2.56836, 0),(1e-06, 3.08933, 2.6932, 0),(1e-06, 3.05512, 2.56465, 0),(1e-06, 3.08016, 2.17329, 0),(1e-06, 3.07437, 2.23212, 0),(1e-06, 3.07493, 2.324, 0),(1e-06, 2.95062, 1.92353, 0),(1e-06, 2.95454, 1.97671, 0),(1e-06, 3.02314, 1.86052, 0),(1e-06, 3.02726, 2.21587, 0),(1e-06, 3.02389, 2.09185, 0),(1e-06, 3.0209, 2.08151, 0),(1e-06, 2.97546, 1.53498, 0),(1e-06, 2.93434, 1.57177, 0),(1e-06, 2.94761, 1.47908, 0),(1e-06, 2.94649, 1.5074, 0),(1e-06, 2.94182, 1.49419, 0),(1e-06, 2.96125, 1.09009, 0),(1e-06, 2.94798, 1.2236, 0),(1e-06, 2.96368, 1.2174, 0),(1e-06, 2.89489, 1.2232, 0),(1e-06, 2.89378, 1.39271, 0),(1e-06, 2.91901, 1.38554, 0),(1e-06, 2.91153, 1.34875, 0),(1e-06, 3.05789, 1.18297, 0),(1e-06, 3.03396, 1.21019, 0),(1e-06, 3.0463, 1.21358, 0),(1e-06, 3.04125, 1.10464, 0),(1e-06, 3.02685, 0.842193, 0),(1e-06, 3.03265, 1.02236, 0),(1e-06, 3.04685, 0.966208, 0),(1e-06, 3.02799, 1.54249, 0),(1e-06, 3.03117, 1.60195, 0),(1e-06, 3.02911, 1.57548, 0),(1e-06, 3.02612, 1.47451, 0),(1e-06, 3.02518, 1.38496, 0),(1e-06, 3.0536, 1.4786, 0),(1e-06, 3.05434, 1.45393, 0),(1e-06, 3.0607, 1.62743, 0),(1e-06, 3.06276, 1.73154, 0),(1e-06, 2.99476, 2.99678, 0),(1e-06, 2.97963, 3.24814, 0),(1e-06, 2.98037, 3.20134, 0),(1e-06, 2.98881, 3.97561, 0),(1e-06, 3.02768, 3.71961, 0),(1e-06, 3.01441, 3.57282, 0),(1e-06, 3.01254, 3.64598, 0),(1e-06, 3.04019, 3.28656, 0),(1e-06, 3.05383, 3.04751, 0),(1e-06, 3.06656, 3.60881, 0),(1e-06, 3.05666, 3.75707, 0),(1e-06, 3.07349, 4.02221, 0),(1e-06, 3.0817, 3.71898, 0),(1e-06, 3.09105, 3.8476, 0),(1e-06, 3.09796, 3.68693, 0),(1e-06, 3.01184, 5.44339, 0),(1e-06, 2.96754, 5.21084, 0),(1e-06, 2.99819, 5.1698, 0),(1e-06, 3.00997, 5.12733, 0),(1e-06, 2.9677, 4.33356, 0),(1e-06, 2.95648, 4.39213, 0),(1e-06, 3.00135, 4.70166, 0),(1e-06, 3.01406, 4.65797, 0),(1e-06, 3.0464, 4.68904, 0),(1e-06, 3.03088, 4.58366, 0),(1e-06, 3.06509, 4.43152, 0),(1e-06, 3.06398, 4.80795, 0),(1e-06, 3.07519, 4.76172, 0),(1e-06, 3.10121, 5.99677, 0),(1e-06, 3.10177, 6.07527, 0),(1e-06, 3.07243, 6.18845, 0),(1e-06, 3.08515, 0.118853, 0),(1e-06, 3.08701, 6.14782, 0),(1e-06, 3.0616, 0.378507, 0),(1e-06, 3.05581, 0.633784, 0),(1e-06, 3.10088, 1.30533, 0),(1e-06, 3.10368, 1.23951, 0),(1e-06, 3.09619, 0.524938, 0),(1e-06, 3.10386, 0.692087, 0),(1e-06, 3.09601, 0.731627, 0),(1e-06, 3.09919, 0.944953, 0),(1e-06, 3.09713, 0.860759, 0),(1e-06, 3.09713, 0.879445, 0),(1e-06, 3.07931, 5.16723, 0),(1e-06, 3.09875, 5.10386, 0),(1e-06, 3.09727, 5.4424, 0),(1e-06, 3.10903, 5.01681, 0),(1e-06, 3.11594, 4.81489, 0),(1e-06, 3.11499, 4.37108, 0),(1e-06, 3.11574, 4.39495, 0),(1e-06, 3.0948, 4.30003, 0),(1e-06, 3.10322, 4.57701, 0),(1e-06, 3.10435, 4.80517, 0),(1e-06, 3.12213, 5.60554, 0),(1e-06, 3.13057, 0.035551, 0),(1e-06, 3.13762, 4.71346, 0),(1e-06, 3.13989, 5.58306, 0),(1e-06, 3.13931, 4.92508, 0),(1e-06, 3.13882, 0.965125, 0),(1e-06, 3.1412, 5.67757, 0),(1e-06, 3.14159, 6.27748, 0),(1e-06, 3.1414, 5.96558, 0),(1e-06, 3.116, 0.485408, 0),(1e-06, 3.12257, 1.47225, 0),(1e-06, 3.12163, 1.12964, 0),(1e-06, 3.09963, 3.10375, 0),(1e-06, 3.09122, 3.16156, 0),(1e-06, 3.11702, 3.4527, 0),(1e-06, 3.11778, 3.73321, 0),(1e-06, 3.11871, 3.74315, 0),(1e-06, 3.11344, 2.29549, 0),(1e-06, 3.11307, 2.67366, 0),(1e-06, 3.13494, 2.51656, 0),(1e-06, 3.13625, 2.62296, 0),(1e-06, 3.12524, 3.11781, 0),(1e-06, 3.13405, 4.01824, 0),(1e-06, 3.13272, 3.45137, 0),(1e-06, 2.72414, 4.21652, 0),(1e-06, 2.71161, 4.20788, 0),(1e-06, 2.72768, 3.95554, 0),(1e-06, 2.78656, 4.09701, 0),(1e-06, 2.81161, 4.11315, 0),(1e-06, 2.81666, 4.05677, 0),(1e-06, 2.74116, 4.59667, 0),(1e-06, 2.73087, 4.49651, 0),(1e-06, 2.73555, 4.491, 0),(1e-06, 2.83704, 4.20285, 0),(1e-06, 2.81517, 4.25895, 0),(1e-06, 2.79666, 4.30122, 0),(1e-06, 2.82153, 4.45521, 0),(1e-06, 2.80527, 4.4672, 0),(1e-06, 2.84769, 4.32025, 0),(1e-06, 2.84508, 4.43027, 0),(1e-06, 2.73271, 3.47817, 0),(1e-06, 2.78355, 3.29859, 0),(1e-06, 2.73906, 3.34178, 0),(1e-06, 2.7316, 3.68736, 0),(1e-06, 2.81645, 3.45248, 0),(1e-06, 2.7901, 3.50469, 0),(1e-06, 2.90561, 3.47335, 0),(1e-06, 2.93141, 3.54051, 0),(1e-06, 2.93178, 3.45542, 0),(1e-06, 2.95759, 3.74932, 0),(1e-06, 2.93459, 3.70343, 0),(1e-06, 2.92506, 3.6923, 0),(1e-06, 2.86898, 3.43942, 0),(1e-06, 2.83982, 3.54443, 0),(1e-06, 2.86225, 3.5632, 0),(1e-06, 2.90544, 3.85741, 0),(1e-06, 2.84805, 3.74868, 0),(1e-06, 2.88787, 3.7802, 0),(1e-06, 2.86693, 3.78393, 0),(1e-06, 2.26175, 6.1939, 0),(1e-06, 2.32194, 0.0264029, 0),(1e-06, 2.36905, 0.034491, 0),(1e-06, 2.50886, 0.00173007, 0),(1e-06, 2.45914, 0.0325568, 0),(1e-06, 2.4511, 6.1998, 0),(1e-06, 2.41652, 6.25322, 0),(1e-06, 2.40007, 6.25508, 0),(1e-06, 2.19334, 0.114676, 0),(1e-06, 2.17802, 0.217836, 0),(1e-06, 2.15092, 0.24397, 0),(1e-06, 2.33017, 0.119961, 0),(1e-06, 2.29765, 0.198904, 0),(1e-06, 2.32456, 0.196381, 0),(1e-06, 2.42718, 0.155634, 0),(1e-06, 2.42606, 0.219905, 0),(1e-06, 2.37746, 0.228504, 0),(1e-06, 2.39616, 0.303256, 0),(1e-06, 2.61991, 0.384788, 0),(1e-06, 2.59486, 0.417618, 0),(1e-06, 2.68607, 0.314777, 0),(1e-06, 2.65916, 0.352705, 0),(1e-06, 2.67729, 0.395125, 0),(1e-06, 2.66121, 0.0415357, 0),(1e-06, 2.68981, 0.184446, 0),(1e-06, 2.7328, 0.203191, 0),(1e-06, 2.61055, 0.217223, 0),(1e-06, 2.60084, 0.295694, 0),(1e-06, 2.52083, 0.207683, 0),(1e-06, 2.60513, 0.0939372, 0),(1e-06, 2.567, 0.138756, 0),(1e-06, 2.57653, 0.139808, 0),(1e-06, 2.60459, 0.62549, 0),(1e-06, 2.53131, 0.685785, 0),(1e-06, 2.52514, 0.631032, 0),(1e-06, 2.5057, 0.624126, 0),(1e-06, 2.37803, 0.409835, 0),(1e-06, 2.42513, 0.410646, 0),(1e-06, 2.40607, 0.370775, 0),(1e-06, 2.50644, 0.396267, 0),(1e-06, 2.54289, 0.397698, 0),(1e-06, 2.41542, 0.496001, 0),(1e-06, 2.47935, 0.570171, 0),(1e-06, 2.4429, 0.552414, 0),(1e-06, 2.31205, 0.623133, 0),(1e-06, 2.34981, 0.719609, 0),(1e-06, 2.41935, 0.73811, 0),(1e-06, 2.40701, 0.627474, 0),(1e-06, 2.41374, 0.648763, 0),(1e-06, 2.17074, 0.463147, 0),(1e-06, 2.24214, 0.485843, 0),(1e-06, 2.29224, 0.518976, 0),(1e-06, 2.35351, 5.53413, 0),(1e-06, 2.35089, 5.42975, 0),(1e-06, 2.43911, 5.30427, 0),(1e-06, 2.49146, 5.47785, 0),(1e-06, 2.47575, 5.47407, 0),(1e-06, 2.26436, 5.93606, 0),(1e-06, 2.32716, 5.86123, 0),(1e-06, 2.41352, 5.9019, 0),(1e-06, 2.40698, 5.80497, 0),(1e-06, 2.42455, 5.7826, 0),(1e-06, 2.3808, 5.66741, 0),(1e-06, 2.358, 5.65411, 0),(1e-06, 2.44473, 5.66934, 0),(1e-06, 2.45987, 5.78212, 0),(1e-06, 2.46604, 5.76183, 0),(1e-06, 2.73484, 5.86142, 0),(1e-06, 2.7055, 6.14017, 0),(1e-06, 2.74195, 6.0821, 0),(1e-06, 2.59428, 6.12898, 0),(1e-06, 2.60101, 6.09657, 0),(1e-06, 2.60176, 6.07608, 0),(1e-06, 2.51839, 6.17114, 0),(1e-06, 2.54606, 6.17562, 0),(1e-06, 2.46811, 6.02064, 0),(1e-06, 2.44698, 6.01499, 0),(1e-06, 2.4939, 5.86804, 0),(1e-06, 2.54194, 5.93254, 0),(1e-06, 2.50025, 5.94417, 0),(1e-06, 2.5096, 5.99426, 0),(1e-06, 2.59577, 5.8439, 0),(1e-06, 2.57016, 5.84267, 0),(1e-06, 2.54137, 5.85388, 0),(1e-06, 2.55857, 5.88489, 0),(1e-06, 2.55427, 5.64176, 0),(1e-06, 2.55856, 5.64014, 0),(1e-06, 2.52586, 5.71531, 0),(1e-06, 2.56492, 5.77175, 0),(1e-06, 2.53988, 5.76843, 0),(1e-06, 2.4406, 4.92517, 0),(1e-06, 2.4677, 4.99035, 0),(1e-06, 2.37536, 5.03487, 0),(1e-06, 2.38676, 4.95225, 0),(1e-06, 2.39237, 4.83934, 0),(1e-06, 2.42358, 4.84194, 0),(1e-06, 2.44695, 4.84193, 0),(1e-06, 2.45984, 4.69152, 0),(1e-06, 2.49218, 4.76705, 0),(1e-06, 2.73911, 4.7642, 0),(1e-06, 2.75892, 4.83403, 0),(1e-06, 2.61125, 4.74873, 0),(1e-06, 2.6505, 4.7136, 0),(1e-06, 2.68097, 4.77332, 0),(1e-06, 2.67836, 4.78607, 0),(1e-06, 2.59444, 5.2423, 0),(1e-06, 2.54696, 5.22376, 0),(1e-06, 2.46341, 5.11628, 0),(1e-06, 2.51818, 5.16667, 0),(1e-06, 2.50902, 5.12242, 0),(1e-06, 2.6993, 4.9906, 0),(1e-06, 2.66809, 5.14924, 0),(1e-06, 2.7294, 5.17897, 0),(1e-06, 2.62098, 4.97617, 0),(1e-06, 2.60453, 4.91455, 0),(1e-06, 2.61312, 4.92843, 0),(1e-06, 2.55499, 5.01318, 0),(1e-06, 2.58154, 5.11001, 0),(1e-06, 2.80659, 4.97098, 0),(1e-06, 2.83743, 5.00325, 0),(1e-06, 2.82043, 5.24688, 0),(1e-06, 2.8408, 5.09692, 0),(1e-06, 2.86585, 5.11892, 0),(1e-06, 2.85183, 5.16125, 0),(1e-06, 2.85986, 4.78903, 0),(1e-06, 2.85556, 4.75996, 0),(1e-06, 2.90303, 4.52974, 0),(1e-06, 2.91929, 4.65052, 0),(1e-06, 2.91463, 4.89414, 0),(1e-06, 2.9094, 4.91085, 0),(1e-06, 2.95033, 4.8367, 0),(1e-06, 2.93818, 4.85081, 0),(1e-06, 2.93911, 4.85809, 0),(1e-06, 2.82494, 6.06853, 0),(1e-06, 2.93691, 6.08003, 0),(1e-06, 2.90793, 5.96522, 0),(1e-06, 2.90494, 5.96747, 0),(1e-06, 2.96699, 5.70645, 0),(1e-06, 2.95932, 5.54397, 0),(1e-06, 2.93203, 5.56367, 0),(1e-06, 2.94025, 5.48133, 0),(1e-06, 2.90287, 5.37879, 0),(1e-06, 2.88904, 5.52506, 0),(1e-06, 2.88867, 5.66252, 0),(1e-06, 2.91278, 5.60878, 0),(1e-06, 2.85877, 5.79977, 0),(1e-06, 2.82381, 5.68635, 0),(1e-06, 2.81502, 5.62379, 0),(1e-06, 2.77183, 5.35107, 0),(1e-06, 2.73408, 5.44475, 0),(1e-06, 2.74922, 5.41482, 0),(1e-06, 2.82081, 5.46873, 0),(1e-06, 2.75427, 5.55056, 0),(1e-06, 2.78399, 5.56911, 0),(1e-06, 2.79184, 5.54629, 0),(1e-06, 2.5894, 5.46017, 0),(1e-06, 2.67202, 5.45075, 0),(1e-06, 2.66155, 5.38906, 0),(1e-06, 2.64418, 5.73656, 0),(1e-06, 2.68174, 5.59406, 0),(1e-06, 2.72025, 5.59215, 0),(1e-06, 2.72361, 5.56496, 0),(1e-06, 1.00733, 0.220285, 0),(1e-06, 1.0505, 0.162801, 0),(1e-06, 1.15742, 0.0496745, 0),(1e-06, 1.08022, 0.0245802, 0),(1e-06, 1.02284, 0.0104574, 0),(1e-06, 1.02994, 0.078298, 0),(1e-06, 1.22826, 6.13164, 0),(1e-06, 1.1948, 6.05022, 0),(1e-06, 1.00377, 6.22166, 0),(1e-06, 1.06358, 6.21738, 0),(1e-06, 1.03741, 6.23054, 0),(0.98098, 1.08641, 6.17966, 0),(1e-06, 1.11349, 6.07743, 0),(1e-06, 0.932349, 5.72291, 0),(1e-06, 0.90431, 5.69701, 0),(1e-06, 0.891411, 5.6608, 0),(1e-06, 0.825616, 5.72233, 0),(1e-06, 0.870478, 5.74168, 0),(1e-06, 0.884498, 5.77499, 0),(1e-06, 0.62692, 5.75938, 0),(1e-06, 0.653839, 5.83411, 0),(1e-06, 0.694962, 5.83647, 0),(1e-06, 0.715517, 5.65026, 0),(1e-06, 0.705799, 5.70046, 0),(1e-06, 0.755519, 5.66639, 0),(1e-06, 0.791782, 5.65858, 0),(1e-06, 0.727862, 5.90065, 0),(1e-06, 0.805062, 5.97074, 0),(1e-06, 0.787678, 5.95037, 0),(1e-06, 0.787864, 5.91943, 0),(1e-06, 0.731416, 5.99752, 0),(1e-06, 0.748988, 6.05171, 0),(1e-06, 0.727307, 6.09797, 0),(1e-06, 0.776096, 6.17355, 0),(1e-06, 0.83759, 6.09523, 0),(1e-06, 0.906195, 6.24812, 0),(1e-06, 0.938903, 6.14527, 0),(1e-06, 0.920025, 6.15983, 0),(1e-06, 1.0789, 5.9192, 0),(1e-06, 1.00021, 6.00368, 0),(1e-06, 1.0275, 5.98693, 0),(1e-06, 0.87628, 5.9843, 0),(1e-06, 0.847307, 5.99085, 0),(1e-06, 0.9189, 6.04393, 0),(1e-06, 0.955722, 5.99159, 0),(1e-06, 1.3965, 0.215156, 0),(1e-06, 1.39762, 0.176701, 0),(1e-06, 1.32397, 0.119485, 0),(13.5621, 1.26757, 0.172698, 0),(1e-06, 1.2993, 0.200047, 0),(1e-06, 1.55033, 6.25842, 0),(1e-06, 1.5436, 0.020287, 0),(1e-06, 1.53425, 0.0127848, 0),(1e-06, 1.57537, 6.16486, 0),(1e-06, 1.60023, 6.21997, 0),(1e-06, 1.41481, 6.21635, 0),(1e-06, 1.39107, 6.1398, 0),(1e-06, 1.35424, 6.15009, 0),(1e-06, 1.37107, 0.039846, 0),(1e-06, 1.31069, 3.93701e-05, 0),(1e-06, 1.25368, 6.2653, 0),(1e-06, 1.89484, 0.52929, 0),(1e-06, 1.94718, 0.586861, 0),(1e-06, 2.05839, 0.337575, 0),(1e-06, 2.01091, 0.341158, 0),(1e-06, 2.04681, 0.456699, 0),(1e-06, 1.95783, 0.405475, 0),(1e-06, 1.96437, 0.463554, 0),(1e-06, 1.62977, 0.140775, 0),(1e-06, 1.61688, 0.105204, 0),(1e-06, 1.66286, 0.302861, 0),(1e-06, 1.64548, 0.198792, 0),(1e-06, 1.67613, 0.152634, 0),(1e-06, 2.01296, 0.168415, 0),(1e-06, 1.98792, 0.142481, 0),(1e-06, 1.8524, 0.0700144, 0),(1e-06, 1.90174, 0.108245, 0),(1e-06, 1.91109, 0.10665, 0),(1e-06, 1.79147, 0.351982, 0),(1e-06, 1.81091, 0.376739, 0),(1e-06, 1.81091, 0.406096, 0),(1e-06, 1.89222, 0.236768, 0),(1e-06, 1.8924, 0.242907, 0),(1e-06, 1.79576, 0.279455, 0),(1e-06, 1.84661, 0.207075, 0),(1e-06, 1.79838, 0.197316, 0),(1e-06, 1.80436, 0.202754, 0),(1e-06, 1.34735, 0.461883, 0),(1e-06, 1.35538, 0.370996, 0),(1e-06, 1.3623, 0.374819, 0),(1e-06, 1.20454, 0.419982, 0),(1e-06, 1.26286, 0.496564, 0),(1e-06, 1.28248, 0.272736, 0),(1e-06, 1.31837, 0.278814, 0),(1e-06, 1.20416, 0.321551, 0),(1e-06, 1.32921, 0.325933, 0),(1.82507, 1.28349, 0.334918, 0),(1e-06, 1.27482, 0.317185, 0),(1e-06, 1.56006, 0.337372, 0),(1e-06, 1.45557, 0.409625, 0),(1e-06, 1.49221, 0.372888, 0),(1e-06, 1.71222, 0.458914, 0),(1e-06, 1.67614, 0.459827, 0),(1e-06, 1.66399, 0.45776, 0),(1e-06, 1.6511, 0.575122, 0),(1e-06, 1.63857, 0.517701, 0),(1e-06, 1.61521, 0.535654, 0),(1e-06, 1.55726, 0.502133, 0),(1e-06, 1.59483, 0.437718, 0),(1e-06, 1.37128, 0.676943, 0),(1e-06, 1.36231, 0.756807, 0),(1e-06, 1.52549, 0.610498, 0),(1e-06, 1.51521, 0.603037, 0),(1e-06, 1.49334, 0.691981, 0),(1e-06, 1.45707, 0.643826, 0),(1e-06, 1.65391, 0.743912, 0),(1e-06, 1.59222, 0.772516, 0),(1e-06, 1.57802, 0.777376, 0),(1e-06, 1.69073, 0.642502, 0),(1e-06, 1.62643, 0.660896, 0),(1e-06, 1.56904, 0.651887, 0),(1e-06, 2.08738, 0.844803, 0),(1e-06, 2.12869, 0.94481, 0),(1e-06, 2.17897, 0.910418, 0),(1e-06, 2.22253, 0.943939, 0),(1e-06, 2.21486, 0.900366, 0),(1e-06, 2.09654, 0.726378, 0),(1e-06, 2.10644, 0.67278, 0),(1e-06, 2.24533, 0.819499, 0),(1e-06, 2.19859, 0.737878, 0),(1e-06, 2.19505, 0.799455, 0),(1e-06, 2.15691, 0.81526, 0),(1e-06, 1.96495, 0.81793, 0),(1e-06, 1.97541, 0.804484, 0),(1e-06, 1.87709, 0.887527, 0),(1e-06, 1.88625, 0.829046, 0),(1e-06, 1.87765, 0.77327, 0),(1e-06, 1.90887, 0.791259, 0),(1e-06, 1.91148, 0.791192, 0),(1e-06, 1.97972, 1.15835, 0),(1e-06, 1.97094, 1.20201, 0),(1e-06, 1.88813, 1.11137, 0),(1e-06, 1.8657, 1.16474, 0),(1e-06, 1.93336, 0.947039, 0),(1e-06, 2.01579, 0.974261, 0),(1e-06, 2.0014, 0.903843, 0),(1e-06, 2.0315, 1.1114, 0),(1e-06, 2.0515, 1.04255, 0),(1e-06, 2.08701, 1.02441, 0),(1e-06, 1.92403, 1.4301, 0),(1e-06, 1.88739, 1.46315, 0),(1e-06, 1.86851, 1.28273, 0),(1e-06, 1.78477, 1.3279, 0),(1e-06, 1.78084, 1.25092, 0),(1e-06, 1.74589, 1.24879, 0),(1e-06, 1.67374, 1.37576, 0),(1e-06, 1.64196, 1.45856, 0),(1e-06, 1.65692, 1.44683, 0),(1e-06, 1.65374, 1.44466, 0),(1e-06, 1.68252, 1.23753, 0),(1e-06, 1.62738, 1.31247, 0),(1e-06, 1.61897, 1.28235, 0),(1e-06, 1.60438, 0.921516, 0),(1e-06, 1.54792, 0.888076, 0),(1e-06, 1.56998, 0.926977, 0),(1e-06, 1.54811, 0.920129, 0),(1e-06, 1.5597, 0.82638, 0),(1e-06, 1.50661, 0.839161, 0),(1e-06, 1.69672, 1.1032, 0),(1e-06, 1.64532, 1.05513, 0),(1e-06, 1.65821, 0.968498, 0),(1e-06, 1.65354, 1.00583, 0),(1e-06, 1.67504, 1.02056, 0),(1e-06, 1.73391, 0.90003, 0),(1e-06, 1.74718, 0.930864, 0),(1e-06, 1.74289, 0.921564, 0),(1e-06, 1.70886, 0.874588, 0),(1e-06, 1.71354, 0.817436, 0),(1e-06, 1.70045, 0.842457, 0),(1e-06, 1.48512, 0.998113, 0),(1e-06, 1.43764, 1.0012, 0),(1e-06, 1.45522, 1.02123, 0),(1e-06, 1.53242, 1.16321, 0),(1e-06, 1.54195, 1.01423, 0),(1e-06, 1.51503, 1.0945, 0),(1e-06, 1.55952, 1.06631, 0),(1e-06, 1.37672, 1.30973, 0),(1e-06, 1.4756, 1.27121, 0),(1e-06, 1.52457, 1.27223, 0),(1e-06, 1.50382, 1.26347, 0),(1e-06, 1.33578, 1.17385, 0),(1e-06, 1.2969, 1.14342, 0),(1e-06, 1.4326, 1.1758, 0),(1e-06, 1.39054, 1.10848, 0),(1e-06, 1.3941, 1.11708, 0),(1e-06, 1.41091, 0.865293, 0),(1e-06, 1.40269, 0.944435, 0),(1e-06, 1.33988, 0.892344, 0),(1e-06, 1.34923, 0.934859, 0),(1e-06, 1.18417, 0.758322, 0),(1e-06, 1.17389, 0.837507, 0),(1e-06, 1.24604, 0.842516, 0),(1e-06, 1.0208, 0.785638, 0),(1e-06, 0.978937, 0.932364, 0),(1e-06, 0.94286, 0.918574, 0),(1e-06, 0.960991, 0.893821, 0),(1e-06, 0.94585, 0.896313, 0),(1e-06, 1.10286, 0.878623, 0),(1e-06, 1.02828, 0.969071, 0),(1e-06, 1.10324, 0.98743, 0),(1e-06, 1.08885, 0.970316, 0),(1e-06, 1.06212, 1.19097, 0),(1e-06, 0.986417, 1.05861, 0),(1e-06, 1.04399, 1.08359, 0),(1e-06, 1.2083, 1.13826, 0),(1e-06, 1.20044, 1.082, 0),(1e-06, 1.1838, 0.979378, 0),(1e-06, 1.12866, 1.0462, 0),(1e-06, 1.09726, 1.03928, 0),(1e-06, 0.770137, 0.673435, 0),(1e-06, 0.733874, 0.638606, 0),(1e-06, 0.764528, 0.608626, 0),(1e-06, 0.740601, 0.591887, 0),(1e-06, 0.763411, 0.775623, 0),(1e-06, 0.795003, 0.848917, 0),(1e-06, 0.822666, 0.791876, 0),(1e-06, 0.813137, 0.917301, 0),(1e-06, 0.87052, 0.859678, 0),(1e-06, 0.862856, 0.84266, 0),(1e-06, 0.855939, 0.844048, 0),(1e-06, 1.12902, 0.564564, 0),(1e-06, 1.18211, 0.54416, 0),(1e-06, 1.08809, 0.638864, 0),(1e-06, 1.08248, 0.612903, 0),(1e-06, 1.0079, 0.588381, 0),(1e-06, 0.996497, 0.573987, 0),(1e-06, 0.986589, 0.561347, 0),(1e-06, 1.05276, 0.491434, 0),(1e-06, 1.06416, 0.539807, 0),(1e-06, 0.968639, 0.377886, 0),(1e-06, 0.939668, 0.429232, 0),(1e-06, 0.89388, 0.692923, 0),(1e-06, 0.836118, 0.570092, 0),(1e-06, 0.877425, 0.491742, 0),(1e-06, 0.954832, 1.21043, 0),(1e-06, 0.834828, 1.2043, 0),(1e-06, 0.88212, 1.24071, 0),(1e-06, 0.831459, 1.0679, 0),(1e-06, 0.830524, 1.03474, 0),(1e-06, 0.818374, 1.04522, 0),(1e-06, 0.902304, 1.12047, 0),(1e-06, 0.91763, 1.06255, 0),(1e-06, 0.895948, 1.0787, 0),(1e-06, 0.741551, 1.09864, 0),(1e-06, 0.731827, 0.969987, 0),(1e-06, 0.709583, 0.962614, 0),(1e-06, 0.553882, 1.11936, 0),(1e-06, 0.602857, 1.15018, 0),(1e-06, 0.618552, 0.949247, 0),(1e-06, 0.681923, 1.08653, 0),(1e-06, 0.645099, 1.07681, 0),(1e-06, 0.629583, 1.03004, 0),(1e-06, 0.61333, 1.35369, 0),(1e-06, 0.582487, 1.31356, 0),(1e-06, 0.583613, 1.47102, 0),(1e-06, 0.630343, 1.46152, 0),(1e-06, 0.655577, 1.41811, 0),(1e-06, 0.790716, 1.2668, 0),(1e-06, 0.809037, 1.34407, 0),(1e-06, 0.75296, 1.33304, 0),(1e-06, 0.671836, 1.34175, 0),(1e-06, 0.724363, 1.39278, 0),(1e-06, 0.706234, 1.46833, 0),(1e-06, 0.69913, 1.43107, 0),(1e-06, 1.21354, 1.41493, 0),(1e-06, 1.22438, 1.35607, 0),(1e-06, 1.27728, 1.35446, 0),(1e-06, 1.25354, 1.36166, 0),(1e-06, 1.22307, 1.27706, 0),(1e-06, 1.14718, 1.32901, 0),(1e-06, 1.37448, 1.52688, 0),(1e-06, 1.34831, 1.56099, 0),(1e-06, 1.41317, 1.47033, 0),(1e-06, 1.36569, 1.44845, 0),(1e-06, 1.03148, 1.48807, 0),(1e-06, 0.980073, 1.41855, 0),(1e-06, 0.969231, 1.42085, 0),(1e-06, 0.904374, 1.58788, 0),(1e-06, 0.806612, 1.49829, 0),(1e-06, 0.835399, 1.54226, 0),(1e-06, 1.08214, 1.6596, 0),(1e-06, 1.08588, 1.76, 0),(1e-06, 1.02681, 1.73823, 0),(1e-06, 1.26195, 1.51073, 0),(1e-06, 1.20532, 1.51295, 0),(1e-06, 1.1326, 1.53324, 0),(1e-06, 1.08718, 1.50664, 0),(1e-06, 1.16158, 1.59544, 0),(1e-06, 1.17111, 1.65344, 0),(1e-06, 0.929463, 2.97314, 0),(1e-06, 0.963668, 2.93017, 0),(1e-06, 1.04536, 3.06551, 0),(1e-06, 1.01021, 2.89299, 0),(1e-06, 1.01601, 2.93404, 0),(1e-06, 0.816561, 2.9156, 0),(1e-06, 0.85731, 2.9225, 0),(1e-06, 0.783473, 2.8318, 0),(1e-06, 0.84198, 2.83378, 0),(1e-06, 0.792078, 3.06943, 0),(1e-06, 0.778618, 2.99351, 0),(1e-06, 0.752448, 2.97156, 0),(1e-06, 0.84797, 3.14017, 0),(1e-06, 0.886473, 3.03932, 0),(1e-06, 1.00273, 2.62464, 0),(1e-06, 0.983284, 2.56, 0),(1e-06, 1.13451, 2.68188, 0),(1e-06, 1.09937, 2.75926, 0),(1e-06, 1.07152, 2.70651, 0),(1e-06, 1.33302, 2.77333, 0),(1e-06, 1.2347, 2.80774, 0),(1e-06, 1.28461, 2.85652, 0),(1e-06, 1.09806, 2.84189, 0),(1e-06, 1.06909, 2.86722, 0),(1e-06, 1.15937, 2.90948, 0),(1e-06, 1.19508, 2.97315, 0),(1e-06, 1.18552, 2.24732, 0),(1e-06, 1.20683, 2.206, 0),(1e-06, 1.1102, 2.29103, 0),(1e-06, 1.13786, 2.21206, 0),(1e-06, 1.10683, 2.19382, 0),(1e-06, 1.21207, 2.43615, 0),(1e-06, 1.25394, 2.43105, 0),(1e-06, 1.2102, 2.35382, 0),(1e-06, 1.17487, 2.29741, 0),(1e-06, 1.20085, 2.30161, 0),(1e-06, 1.07803, 1.89415, 0),(1e-06, 1.17561, 1.903, 0),(1e-06, 1.22365, 2.10051, 0),(1e-06, 1.17505, 2.09844, 0),(1e-06, 1.06346, 2.07822, 0),(1e-06, 1.13, 2.02269, 0),(1e-06, 1.33169, 2.05603, 0),(1e-06, 1.36384, 2.04728, 0),(1e-06, 1.30552, 2.01446, 0),(1e-06, 1.29655, 2.05774, 0),(1e-06, 1.35992, 2.31349, 0),(1e-06, 1.38628, 2.16504, 0),(1e-06, 1.37693, 2.21876, 0),(1e-06, 0.74699, 1.72729, 0),(1e-06, 0.891107, 1.73338, 0),(1e-06, 0.818583, 1.76488, 0),(1e-06, 0.857276, 1.78745, 0),(1e-06, 0.860081, 1.83596, 0),(1e-06, 0.675597, 2.08157, 0),(1e-06, 0.732603, 1.92468, 0),(1e-06, 0.713166, 2.00294, 0),(1e-06, 0.907006, 2.09003, 0),(1e-06, 0.858964, 1.99185, 0),(1e-06, 0.856162, 2.0438, 0),(1e-06, 0.920086, 1.92304, 0),(1e-06, 0.831859, 1.93433, 0),(1e-06, 0.824754, 1.88016, 0),(1e-06, 0.826249, 1.84745, 0),(1e-06, 0.825894, 2.49121, 0),(1e-06, 0.828322, 2.40534, 0),(1e-06, 0.818229, 2.44463, 0),(1e-06, 0.711866, 2.28467, 0),(1e-06, 0.776729, 2.33834, 0),(1e-06, 0.856172, 2.36166, 0),(1e-06, 0.842898, 2.30708, 0),(1e-06, 0.813179, 2.3262, 0),(1e-06, 0.820843, 2.35645, 0),(1e-06, 0.971124, 2.2263, 0),(1e-06, 0.930939, 2.31714, 0),(1e-06, 0.913555, 2.31614, 0),(1e-06, 0.915798, 2.30291, 0),(1e-06, 1.08665, 2.40277, 0),(1e-06, 1.02758, 2.39044, 0),(0.802931, 0.923193, 2.37554, 0),(1e-06, 0.887388, 2.39155, 0),(1e-06, 0.872062, 2.42975, 0),(1e-06, 0.888324, 2.434, 0),(1e-06, 0.846085, 2.61, 0),(1e-06, 0.876552, 2.57157, 0),(1e-06, 0.856744, 2.74205, 0),(1e-06, 0.88123, 2.72651, 0),(1e-06, 0.790197, 2.66618, 0),(1e-06, 0.757113, 2.69642, 0),(1e-06, 0.704773, 2.61859, 0),(1e-06, 0.718043, 2.56681, 0),(1e-06, 0.608318, 2.52304, 0),(1e-06, 0.664769, 2.53657, 0),(1e-06, 0.505888, 2.61881, 0),(1e-06, 0.570377, 2.64457, 0),(1e-06, 0.57561, 2.61847, 0),(1e-06, 0.677114, 2.80245, 0),(1e-06, 0.670943, 2.72645, 0),(1e-06, 0.579168, 2.8601, 0),(1e-06, 0.600849, 2.78233, 0),(2.58633, 2.05144, 2.33439, 0),(1e-06, 1.97228, 2.17669, 0),(1e-06, 1.95003, 2.15821, 0),(1e-06, 2.06424, 2.20143, 0),(1e-06, 2.03527, 2.19475, 0),(1e-06, 2.07003, 2.10867, 0),(1e-06,