"set1" : {"x" : 0.16707, "Q" : 50.87959, "y" : 0.17216,
  "kt2Pi"  : {"mlabel" : 0, "data" : [(0.854326, 1.29763, 1.10406, 0),(0.957684, 0.695007, 5.71626, 0),(17.5715, 1.20095, 0.000484327, 0),(1.5358, 1.51086, 6.2218, 0),(1.46839, 0.985718, 2.78207, 0),(1.80251, 2.17889, 2.91394, 0),(0.553875, 2.87562, 2.7474, 0),(12.149, 2.04069, 2.58074, 0),(0.827756, 1.63906, 2.28028, 0),(2.33242, 2.35276, 4.83812, 0),(1.66797, 1.39688, 4.63045, 0),(0.688139, 1.30906, 3.8387, 0),(0.792211, 1.16324, 3.68376, 0),(1.05535, 1.88954, 4.13041, 0),(5.23783, 1.64144, 3.77643, 0),(0.666665, 1.95487, 3.45868, 0),(102.108, 0.00668514, 1.5184, 1)]},
  "ktPi"  : {"mlabel" : 0, "data" : [(1.46839, 0.985718, 2.78207, 0),(1.80251, 2.17889, 2.91394, 0),(0.553875, 2.87562, 2.7474, 0),(12.149, 2.04069, 2.58074, 0),(0.827756, 1.63906, 2.28028, 0),(2.33242, 2.35276, 4.83812, 0),(1.66797, 1.39688, 4.63045, 0),(0.688139, 1.30906, 3.8387, 0),(0.792211, 1.16324, 3.68376, 0),(1.05535, 1.88954, 4.13041, 0),(5.23783, 1.64144, 3.77643, 0),(0.666665, 1.95487, 3.45868, 0),(0.854326, 1.29763, 1.10406, 1),(0.957684, 0.695007, 5.71626, 1),(17.5715, 1.20095, 0.000484327, 1),(1.5358, 1.51086, 6.2218, 1),(102.108, 0.00668514, 1.5184, 2)]},
  "kt"  : {"mlabel" : 0, "data" : [(1.80251, 2.17889, 2.91394, 0),(0.553875, 2.87562, 2.7474, 0),(12.149, 2.04069, 2.58074, 0),(0.827756, 1.63906, 2.28028, 0),(2.33242, 2.35276, 4.83812, 0),(1.66797, 1.39688, 4.63045, 0),(0.688139, 1.30906, 3.8387, 0),(0.792211, 1.16324, 3.68376, 0),(1.05535, 1.88954, 4.13041, 0),(5.23783, 1.64144, 3.77643, 0),(0.666665, 1.95487, 3.45868, 0),(0.854326, 1.29763, 1.10406, 1),(0.957684, 0.695007, 5.71626, 1),(17.5715, 1.20095, 0.000484327, 1),(1.5358, 1.51086, 6.2218, 1),(1.46839, 0.985718, 2.78207, 2),(102.108, 0.00668514, 1.5184, 3)]},
  "kt08"  : {"mlabel" : 0, "data" : [(1.80251, 2.17889, 2.91394, 0),(0.553875, 2.87562, 2.7474, 0),(12.149, 2.04069, 2.58074, 0),(0.827756, 1.63906, 2.28028, 0),(17.5715, 1.20095, 0.000484327, 1),(1.5358, 1.51086, 6.2218, 1),(2.33242, 2.35276, 4.83812, 2),(1.66797, 1.39688, 4.63045, 2),(0.688139, 1.30906, 3.8387, 2),(0.792211, 1.16324, 3.68376, 2),(1.05535, 1.88954, 4.13041, 2),(5.23783, 1.64144, 3.77643, 2),(0.666665, 1.95487, 3.45868, 2),(1.46839, 0.985718, 2.78207, 3),(0.854326, 1.29763, 1.10406, 4),(102.108, 0.00668514, 1.5184, 5),(0.957684, 0.695007, 5.71626, 6)]},
  "ktPio3"  : {"mlabel" : 0, "data" : [(1.80251, 2.17889, 2.91394, 0),(0.553875, 2.87562, 2.7474, 0),(12.149, 2.04069, 2.58074, 0),(0.827756, 1.63906, 2.28028, 0),(17.5715, 1.20095, 0.000484327, 1),(1.5358, 1.51086, 6.2218, 1),(2.33242, 2.35276, 4.83812, 2),(1.66797, 1.39688, 4.63045, 2),(0.688139, 1.30906, 3.8387, 2),(0.792211, 1.16324, 3.68376, 2),(1.05535, 1.88954, 4.13041, 2),(5.23783, 1.64144, 3.77643, 2),(0.666665, 1.95487, 3.45868, 2),(1.46839, 0.985718, 2.78207, 3),(0.854326, 1.29763, 1.10406, 4),(102.108, 0.00668514, 1.5184, 5),(0.957684, 0.695007, 5.71626, 6)]},
  "ktPio5"  : {"mlabel" : 0, "data" : [(1.80251, 2.17889, 2.91394, 0),(0.553875, 2.87562, 2.7474, 0),(12.149, 2.04069, 2.58074, 0),(0.827756, 1.63906, 2.28028, 0),(17.5715, 1.20095, 0.000484327, 1),(1.5358, 1.51086, 6.2218, 1),(0.688139, 1.30906, 3.8387, 2),(0.792211, 1.16324, 3.68376, 2),(1.05535, 1.88954, 4.13041, 2),(5.23783, 1.64144, 3.77643, 2),(0.666665, 1.95487, 3.45868, 2),(2.33242, 2.35276, 4.83812, 3),(1.66797, 1.39688, 4.63045, 4),(1.46839, 0.985718, 2.78207, 5),(0.854326, 1.29763, 1.10406, 6),(102.108, 0.00668514, 1.5184, 7),(0.957684, 0.695007, 5.71626, 8)]},
  "ca2Pi"  : {"mlabel" : 0, "data" : [(0.854326, 1.29763, 1.10406, 0),(0.957684, 0.695007, 5.71626, 0),(17.5715, 1.20095, 0.000484327, 0),(1.5358, 1.51086, 6.2218, 0),(1.46839, 0.985718, 2.78207, 0),(0.553875, 2.87562, 2.7474, 0),(0.827756, 1.63906, 2.28028, 0),(12.149, 2.04069, 2.58074, 0),(1.80251, 2.17889, 2.91394, 0),(2.33242, 2.35276, 4.83812, 0),(1.66797, 1.39688, 4.63045, 0),(0.666665, 1.95487, 3.45868, 0),(1.05535, 1.88954, 4.13041, 0),(5.23783, 1.64144, 3.77643, 0),(0.688139, 1.30906, 3.8387, 0),(0.792211, 1.16324, 3.68376, 0),(102.108, 0.00668514, 1.5184, 1)]},
  "caPi"  : {"mlabel" : 0, "data" : [(1.46839, 0.985718, 2.78207, 0),(0.553875, 2.87562, 2.7474, 0),(0.827756, 1.63906, 2.28028, 0),(12.149, 2.04069, 2.58074, 0),(1.80251, 2.17889, 2.91394, 0),(2.33242, 2.35276, 4.83812, 0),(1.66797, 1.39688, 4.63045, 0),(0.666665, 1.95487, 3.45868, 0),(1.05535, 1.88954, 4.13041, 0),(5.23783, 1.64144, 3.77643, 0),(0.688139, 1.30906, 3.8387, 0),(0.792211, 1.16324, 3.68376, 0),(0.854326, 1.29763, 1.10406, 1),(0.957684, 0.695007, 5.71626, 1),(17.5715, 1.20095, 0.000484327, 1),(1.5358, 1.51086, 6.2218, 1),(102.108, 0.00668514, 1.5184, 2)]},
  "ca"  : {"mlabel" : 0, "data" : [(0.553875, 2.87562, 2.7474, 0),(0.827756, 1.63906, 2.28028, 0),(12.149, 2.04069, 2.58074, 0),(1.80251, 2.17889, 2.91394, 0),(2.33242, 2.35276, 4.83812, 0),(1.66797, 1.39688, 4.63045, 0),(0.666665, 1.95487, 3.45868, 0),(1.05535, 1.88954, 4.13041, 0),(5.23783, 1.64144, 3.77643, 0),(0.688139, 1.30906, 3.8387, 0),(0.792211, 1.16324, 3.68376, 0),(0.854326, 1.29763, 1.10406, 1),(0.957684, 0.695007, 5.71626, 1),(17.5715, 1.20095, 0.000484327, 1),(1.5358, 1.51086, 6.2218, 1),(1.46839, 0.985718, 2.78207, 2),(102.108, 0.00668514, 1.5184, 3)]},
  "ca08"  : {"mlabel" : 0, "data" : [(0.553875, 2.87562, 2.7474, 0),(0.827756, 1.63906, 2.28028, 0),(12.149, 2.04069, 2.58074, 0),(1.80251, 2.17889, 2.91394, 0),(2.33242, 2.35276, 4.83812, 1),(1.66797, 1.39688, 4.63045, 1),(0.666665, 1.95487, 3.45868, 1),(1.05535, 1.88954, 4.13041, 1),(5.23783, 1.64144, 3.77643, 1),(0.688139, 1.30906, 3.8387, 1),(0.792211, 1.16324, 3.68376, 1),(0.854326, 1.29763, 1.10406, 2),(17.5715, 1.20095, 0.000484327, 3),(1.5358, 1.51086, 6.2218, 3),(1.46839, 0.985718, 2.78207, 4),(0.957684, 0.695007, 5.71626, 5),(102.108, 0.00668514, 1.5184, 6)]},
  "caPio3"  : {"mlabel" : 1, "data" : [(2.33242, 2.35276, 4.83812, 0),(0.553875, 2.87562, 2.7474, 1),(0.827756, 1.63906, 2.28028, 1),(12.149, 2.04069, 2.58074, 1),(1.80251, 2.17889, 2.91394, 1),(1.66797, 1.39688, 4.63045, 2),(0.666665, 1.95487, 3.45868, 2),(1.05535, 1.88954, 4.13041, 2),(5.23783, 1.64144, 3.77643, 2),(0.688139, 1.30906, 3.8387, 2),(0.792211, 1.16324, 3.68376, 2),(0.854326, 1.29763, 1.10406, 3),(17.5715, 1.20095, 0.000484327, 4),(1.5358, 1.51086, 6.2218, 4),(1.46839, 0.985718, 2.78207, 5),(0.957684, 0.695007, 5.71626, 6),(102.108, 0.00668514, 1.5184, 7)]},
  "caPio5"  : {"mlabel" : 2, "data" : [(0.553875, 2.87562, 2.7474, 0),(2.33242, 2.35276, 4.83812, 1),(0.827756, 1.63906, 2.28028, 2),(12.149, 2.04069, 2.58074, 2),(1.80251, 2.17889, 2.91394, 2),(0.666665, 1.95487, 3.45868, 3),(1.05535, 1.88954, 4.13041, 3),(5.23783, 1.64144, 3.77643, 3),(0.688139, 1.30906, 3.8387, 3),(0.792211, 1.16324, 3.68376, 3),(1.66797, 1.39688, 4.63045, 4),(0.854326, 1.29763, 1.10406, 5),(17.5715, 1.20095, 0.000484327, 6),(1.5358, 1.51086, 6.2218, 6),(1.46839, 0.985718, 2.78207, 7),(0.957684, 0.695007, 5.71626, 8),(102.108, 0.00668514, 1.5184, 9)]},
  "akt2Pi"  : {"mlabel" : 0, "data" : [(0.854326, 1.29763, 1.10406, 0),(0.957684, 0.695007, 5.71626, 0),(17.5715, 1.20095, 0.000484327, 0),(1.5358, 1.51086, 6.2218, 0),(1.66797, 1.39688, 4.63045, 0),(2.33242, 2.35276, 4.83812, 0),(1.05535, 1.88954, 4.13041, 0),(0.792211, 1.16324, 3.68376, 0),(5.23783, 1.64144, 3.77643, 0),(0.688139, 1.30906, 3.8387, 0),(1.46839, 0.985718, 2.78207, 0),(0.553875, 2.87562, 2.7474, 0),(0.666665, 1.95487, 3.45868, 0),(0.827756, 1.63906, 2.28028, 0),(12.149, 2.04069, 2.58074, 0),(1.80251, 2.17889, 2.91394, 0),(102.108, 0.00668514, 1.5184, 1)]},
  "aktPi"  : {"mlabel" : 0, "data" : [(0.854326, 1.29763, 1.10406, 0),(0.957684, 0.695007, 5.71626, 0),(17.5715, 1.20095, 0.000484327, 0),(1.5358, 1.51086, 6.2218, 0),(1.66797, 1.39688, 4.63045, 0),(2.33242, 2.35276, 4.83812, 0),(1.05535, 1.88954, 4.13041, 0),(0.792211, 1.16324, 3.68376, 0),(5.23783, 1.64144, 3.77643, 0),(0.688139, 1.30906, 3.8387, 0),(1.46839, 0.985718, 2.78207, 0),(0.553875, 2.87562, 2.7474, 0),(0.666665, 1.95487, 3.45868, 0),(0.827756, 1.63906, 2.28028, 0),(12.149, 2.04069, 2.58074, 0),(1.80251, 2.17889, 2.91394, 0),(102.108, 0.00668514, 1.5184, 1)]},
  "akt"  : {"mlabel" : 0, "data" : [(1.66797, 1.39688, 4.63045, 0),(2.33242, 2.35276, 4.83812, 0),(1.05535, 1.88954, 4.13041, 0),(0.792211, 1.16324, 3.68376, 0),(5.23783, 1.64144, 3.77643, 0),(0.688139, 1.30906, 3.8387, 0),(1.46839, 0.985718, 2.78207, 0),(0.553875, 2.87562, 2.7474, 0),(0.666665, 1.95487, 3.45868, 0),(0.827756, 1.63906, 2.28028, 0),(12.149, 2.04069, 2.58074, 0),(1.80251, 2.17889, 2.91394, 0),(0.854326, 1.29763, 1.10406, 1),(0.957684, 0.695007, 5.71626, 1),(17.5715, 1.20095, 0.000484327, 1),(1.5358, 1.51086, 6.2218, 1),(102.108, 0.00668514, 1.5184, 2)]},
  "akt08"  : {"mlabel" : 2, "data" : [(0.854326, 1.29763, 1.10406, 0),(1.66797, 1.39688, 4.63045, 1),(2.33242, 2.35276, 4.83812, 1),(1.05535, 1.88954, 4.13041, 2),(0.792211, 1.16324, 3.68376, 2),(5.23783, 1.64144, 3.77643, 2),(0.688139, 1.30906, 3.8387, 2),(1.46839, 0.985718, 2.78207, 2),(0.553875, 2.87562, 2.7474, 2),(0.666665, 1.95487, 3.45868, 2),(0.827756, 1.63906, 2.28028, 2),(12.149, 2.04069, 2.58074, 2),(1.80251, 2.17889, 2.91394, 2),(0.957684, 0.695007, 5.71626, 3),(17.5715, 1.20095, 0.000484327, 3),(1.5358, 1.51086, 6.2218, 3),(102.108, 0.00668514, 1.5184, 4)]},
  "aktPio3"  : {"mlabel" : 2, "data" : [(0.854326, 1.29763, 1.10406, 0),(1.66797, 1.39688, 4.63045, 1),(2.33242, 2.35276, 4.83812, 1),(1.05535, 1.88954, 4.13041, 2),(0.792211, 1.16324, 3.68376, 2),(5.23783, 1.64144, 3.77643, 2),(0.688139, 1.30906, 3.8387, 2),(1.46839, 0.985718, 2.78207, 2),(0.553875, 2.87562, 2.7474, 2),(0.666665, 1.95487, 3.45868, 2),(0.827756, 1.63906, 2.28028, 2),(12.149, 2.04069, 2.58074, 2),(1.80251, 2.17889, 2.91394, 2),(0.957684, 0.695007, 5.71626, 3),(17.5715, 1.20095, 0.000484327, 3),(1.5358, 1.51086, 6.2218, 3),(102.108, 0.00668514, 1.5184, 4)]},
  "aktPio5"  : {"mlabel" : 7, "data" : [(0.553875, 2.87562, 2.7474, 0),(0.854326, 1.29763, 1.10406, 1),(2.33242, 2.35276, 4.83812, 2),(1.66797, 1.39688, 4.63045, 3),(0.957684, 0.695007, 5.71626, 4),(1.46839, 0.985718, 2.78207, 5),(0.792211, 1.16324, 3.68376, 6),(0.666665, 1.95487, 3.45868, 6),(1.05535, 1.88954, 4.13041, 6),(5.23783, 1.64144, 3.77643, 6),(0.688139, 1.30906, 3.8387, 6),(0.827756, 1.63906, 2.28028, 7),(12.149, 2.04069, 2.58074, 7),(1.80251, 2.17889, 2.91394, 7),(17.5715, 1.20095, 0.000484327, 8),(1.5358, 1.51086, 6.2218, 8),(102.108, 0.00668514, 1.5184, 9)]},
  "cen2Pi"  : {"mlabel" : 0, "data" : [(1.46839, 0.985718, 2.78207, 0),(0.553875, 2.87562, 2.7474, 0),(0.827756, 1.63906, 2.28028, 0),(12.149, 2.04069, 2.58074, 0),(1.80251, 2.17889, 2.91394, 0),(0.688139, 1.30906, 3.8387, 0),(0.792211, 1.16324, 3.68376, 0),(0.666665, 1.95487, 3.45868, 0),(5.23783, 1.64144, 3.77643, 0),(1.05535, 1.88954, 4.13041, 0),(1.66797, 1.39688, 4.63045, 0),(2.33242, 2.35276, 4.83812, 0),(0.957684, 0.695007, 5.71626, 0),(0.854326, 1.29763, 1.10406, 0),(17.5715, 1.20095, 0.000484327, 0),(1.5358, 1.51086, 6.2218, 0),(102.108, 0.00668514, 1.5184, 1)]},
  "cenPi"  : {"mlabel" : 0, "data" : [(0.553875, 2.87562, 2.7474, 0),(0.827756, 1.63906, 2.28028, 0),(12.149, 2.04069, 2.58074, 0),(1.80251, 2.17889, 2.91394, 0),(0.688139, 1.30906, 3.8387, 0),(0.792211, 1.16324, 3.68376, 0),(0.666665, 1.95487, 3.45868, 0),(5.23783, 1.64144, 3.77643, 0),(1.05535, 1.88954, 4.13041, 0),(1.66797, 1.39688, 4.63045, 0),(2.33242, 2.35276, 4.83812, 0),(0.854326, 1.29763, 1.10406, 1),(17.5715, 1.20095, 0.000484327, 2),(1.5358, 1.51086, 6.2218, 2),(1.46839, 0.985718, 2.78207, 3),(0.957684, 0.695007, 5.71626, 4),(102.108, 0.00668514, 1.5184, 5)]},
  "cen"  : {"mlabel" : 1, "data" : [(0.666665, 1.95487, 3.45868, 0),(5.23783, 1.64144, 3.77643, 0),(1.05535, 1.88954, 4.13041, 0),(0.553875, 2.87562, 2.7474, 1),(0.827756, 1.63906, 2.28028, 1),(12.149, 2.04069, 2.58074, 1),(1.80251, 2.17889, 2.91394, 1),(1.66797, 1.39688, 4.63045, 2),(2.33242, 2.35276, 4.83812, 3),(0.957684, 0.695007, 5.71626, 4),(0.854326, 1.29763, 1.10406, 5),(0.688139, 1.30906, 3.8387, 6),(0.792211, 1.16324, 3.68376, 6),(1.46839, 0.985718, 2.78207, 7),(17.5715, 1.20095, 0.000484327, 8),(1.5358, 1.51086, 6.2218, 8),(102.108, 0.00668514, 1.5184, 9)]},
  "cen08"  : {"mlabel" : 1, "data" : [(0.666665, 1.95487, 3.45868, 0),(5.23783, 1.64144, 3.77643, 0),(1.05535, 1.88954, 4.13041, 0),(12.149, 2.04069, 2.58074, 1),(1.80251, 2.17889, 2.91394, 1),(1.66797, 1.39688, 4.63045, 2),(2.33242, 2.35276, 4.83812, 3),(0.957684, 0.695007, 5.71626, 4),(0.854326, 1.29763, 1.10406, 5),(0.827756, 1.63906, 2.28028, 6),(0.553875, 2.87562, 2.7474, 7),(17.5715, 1.20095, 0.000484327, 8),(1.5358, 1.51086, 6.2218, 9),(0.688139, 1.30906, 3.8387, 10),(0.792211, 1.16324, 3.68376, 10),(1.46839, 0.985718, 2.78207, 11),(102.108, 0.00668514, 1.5184, 12)]},
  "cenPio3"  : {"mlabel" : 1, "data" : [(5.23783, 1.64144, 3.77643, 0),(12.149, 2.04069, 2.58074, 1),(1.80251, 2.17889, 2.91394, 1),(1.66797, 1.39688, 4.63045, 2),(2.33242, 2.35276, 4.83812, 3),(0.957684, 0.695007, 5.71626, 4),(0.854326, 1.29763, 1.10406, 5),(0.827756, 1.63906, 2.28028, 6),(1.05535, 1.88954, 4.13041, 7),(17.5715, 1.20095, 0.000484327, 8),(1.5358, 1.51086, 6.2218, 9),(0.666665, 1.95487, 3.45868, 10),(1.46839, 0.985718, 2.78207, 11),(0.688139, 1.30906, 3.8387, 12),(0.792211, 1.16324, 3.68376, 12),(0.553875, 2.87562, 2.7474, 13),(102.108, 0.00668514, 1.5184, 14)]},
  "cenPio5"  : {"mlabel" : 1, "data" : [(5.23783, 1.64144, 3.77643, 0),(12.149, 2.04069, 2.58074, 1),(1.66797, 1.39688, 4.63045, 2),(2.33242, 2.35276, 4.83812, 3),(0.957684, 0.695007, 5.71626, 4),(1.80251, 2.17889, 2.91394, 5),(0.827756, 1.63906, 2.28028, 6),(1.05535, 1.88954, 4.13041, 7),(17.5715, 1.20095, 0.000484327, 8),(1.5358, 1.51086, 6.2218, 9),(0.666665, 1.95487, 3.45868, 10),(1.46839, 0.985718, 2.78207, 11),(0.688139, 1.30906, 3.8387, 12),(0.792211, 1.16324, 3.68376, 13),(0.553875, 2.87562, 2.7474, 14),(0.854326, 1.29763, 1.10406, 15),(102.108, 0.00668514, 1.5184, 16)]},
},
"set2" : {"x" : 0.16707, "Q" : 50.87959, "y" : 0.17216,
  "kt2Pi"  : {"mlabel" : 0, "data" : [(1e-06, 1.06212, 1.19097, 0),(1e-06, 0.986417, 1.05861, 0),(1e-06, 1.04399, 1.08359, 0),(1e-06, 1.10286, 0.878623, 0),(1e-06, 1.02828, 0.969071, 0),(1e-06, 1.10324, 0.98743, 0),(1e-06, 1.08885, 0.970316, 0),(1e-06, 1.1838, 0.979378, 0),(1e-06, 1.12866, 1.0462, 0),(1e-06, 1.09726, 1.03928, 0),(1e-06, 1.4326, 1.1758, 0),(1e-06, 1.39054, 1.10848, 0),(1e-06, 1.3941, 1.11708, 0),(1e-06, 1.2083, 1.13826, 0),(1e-06, 1.20044, 1.082, 0),(1e-06, 1.33578, 1.17385, 0),(0.854326, 1.29763, 1.10406, 0),(1e-06, 1.2969, 1.14342, 0),(1e-06, 1.41091, 0.865293, 0),(1e-06, 1.40269, 0.944435, 0),(1e-06, 1.33988, 0.892344, 0),(1e-06, 1.34923, 0.934859, 0),(1e-06, 1.18417, 0.758322, 0),(1e-06, 1.17389, 0.837507, 0),(1e-06, 1.24604, 0.842516, 0),(1e-06, 1.21354, 1.41493, 0),(1e-06, 1.22438, 1.35607, 0),(1e-06, 1.27728, 1.35446, 0),(1e-06, 1.25354, 1.36166, 0),(1e-06, 1.22307, 1.27706, 0),(1e-06, 1.14718, 1.32901, 0),(1e-06, 1.37448, 1.52688, 0),(1e-06, 1.34831, 1.56099, 0),(1e-06, 1.41317, 1.47033, 0),(1e-06, 1.36569, 1.44845, 0),(1e-06, 1.03148, 1.48807, 0),(1e-06, 0.980073, 1.41855, 0),(1e-06, 0.969231, 1.42085, 0),(1e-06, 0.904374, 1.58788, 0),(1e-06, 0.806612, 1.49829, 0),(1e-06, 0.835399, 1.54226, 0),(1e-06, 1.08214, 1.6596, 0),(1e-06, 1.08588, 1.76, 0),(1e-06, 1.02681, 1.73823, 0),(1e-06, 1.26195, 1.51073, 0),(1e-06, 1.20532, 1.51295, 0),(1e-06, 1.1326, 1.53324, 0),(1e-06, 1.08718, 1.50664, 0),(1e-06, 1.16158, 1.59544, 0),(1e-06, 1.17111, 1.65344, 0),(1e-06, 2.08738, 0.844803, 0),(1e-06, 2.12869, 0.94481, 0),(1e-06, 2.17897, 0.910418, 0),(1e-06, 2.22253, 0.943939, 0),(1e-06, 2.21486, 0.900366, 0),(1e-06, 2.09654, 0.726378, 0),(1e-06, 2.10644, 0.67278, 0),(1e-06, 2.24533, 0.819499, 0),(1e-06, 2.19859, 0.737878, 0),(1e-06, 2.19505, 0.799455, 0),(1e-06, 2.15691, 0.81526, 0),(1e-06, 1.96495, 0.81793, 0),(1e-06, 1.97541, 0.804484, 0),(1e-06, 1.87709, 0.887527, 0),(1e-06, 1.88625, 0.829046, 0),(1e-06, 1.87765, 0.77327, 0),(1e-06, 1.90887, 0.791259, 0),(1e-06, 1.91148, 0.791192, 0),(1e-06, 1.97972, 1.15835, 0),(1e-06, 1.97094, 1.20201, 0),(1e-06, 1.88813, 1.11137, 0),(1e-06, 1.8657, 1.16474, 0),(1e-06, 1.93336, 0.947039, 0),(1e-06, 2.01579, 0.974261, 0),(1e-06, 2.0014, 0.903843, 0),(1e-06, 2.0315, 1.1114, 0),(1e-06, 2.0515, 1.04255, 0),(1e-06, 2.08701, 1.02441, 0),(1e-06, 1.48512, 0.998113, 0),(1e-06, 1.43764, 1.0012, 0),(1e-06, 1.45522, 1.02123, 0),(1e-06, 1.53242, 1.16321, 0),(1e-06, 1.54195, 1.01423, 0),(1e-06, 1.51503, 1.0945, 0),(1e-06, 1.55952, 1.06631, 0),(1e-06, 1.60438, 0.921516, 0),(1e-06, 1.54792, 0.888076, 0),(1e-06, 1.56998, 0.926977, 0),(1e-06, 1.54811, 0.920129, 0),(1e-06, 1.5597, 0.82638, 0),(1e-06, 1.50661, 0.839161, 0),(1e-06, 1.69672, 1.1032, 0),(1e-06, 1.64532, 1.05513, 0),(1e-06, 1.65821, 0.968498, 0),(1e-06, 1.65354, 1.00583, 0),(1e-06, 1.67504, 1.02056, 0),(1e-06, 1.73391, 0.90003, 0),(1e-06, 1.74718, 0.930864, 0),(1e-06, 1.74289, 0.921564, 0),(1e-06, 1.70886, 0.874588, 0),(1e-06, 1.71354, 0.817436, 0),(1e-06, 1.70045, 0.842457, 0),(1e-06, 1.92403, 1.4301, 0),(1e-06, 1.88739, 1.46315, 0),(1e-06, 1.86851, 1.28273, 0),(1e-06, 1.78477, 1.3279, 0),(1e-06, 1.78084, 1.25092, 0),(1e-06, 1.74589, 1.24879, 0),(1e-06, 1.37672, 1.30973, 0),(1e-06, 1.4756, 1.27121, 0),(1e-06, 1.52457, 1.27223, 0),(1e-06, 1.50382, 1.26347, 0),(1e-06, 1.67374, 1.37576, 0),(1e-06, 1.64196, 1.45856, 0),(1e-06, 1.65692, 1.44683, 0),(1e-06, 1.65374, 1.44466, 0),(1e-06, 1.68252, 1.23753, 0),(1e-06, 1.62738, 1.31247, 0),(1e-06, 1.61897, 1.28235, 0),(1e-06, 0.775135, 5.30285, 0),(1e-06, 0.777003, 5.26102, 0),(1e-06, 0.766719, 5.15049, 0),(1e-06, 0.775319, 5.20691, 0),(1e-06, 0.654753, 5.153, 0),(1e-06, 0.687463, 5.10454, 0),(1e-06, 0.644849, 5.25538, 0),(1e-06, 0.632141, 5.33251, 0),(1e-06, 0.65345, 5.33668, 0),(1e-06, 0.75701, 5.51796, 0),(1e-06, 0.865047, 5.39579, 0),(1e-06, 0.812896, 5.39461, 0),(1e-06, 0.785793, 5.40894, 0),(1e-06, 0.781307, 5.41155, 0),(1e-06, 0.973834, 5.33495, 0),(1e-06, 0.945792, 5.20519, 0),(1e-06, 0.898314, 5.23818, 0),(1e-06, 0.914203, 5.23797, 0),(1e-06, 1.0789, 5.9192, 0),(1e-06, 1.00021, 6.00368, 0),(1e-06, 1.0275, 5.98693, 0),(1e-06, 0.87628, 5.9843, 0),(1e-06, 0.847307, 5.99085, 0),(1e-06, 0.9189, 6.04393, 0),(1e-06, 0.955722, 5.99159, 0),(1e-06, 0.727862, 5.90065, 0),(1e-06, 0.805062, 5.97074, 0),(1e-06, 0.787678, 5.95037, 0),(1e-06, 0.787864, 5.91943, 0),(1e-06, 0.731416, 5.99752, 0),(1e-06, 0.748988, 6.05171, 0),(1e-06, 0.727307, 6.09797, 0),(1e-06, 0.776096, 6.17355, 0),(1e-06, 0.83759, 6.09523, 0),(1e-06, 0.500192, 5.93918, 0),(1e-06, 0.586735, 5.88651, 0),(1e-06, 0.557951, 5.93126, 0),(1e-06, 0.489532, 5.7522, 0),(1e-06, 0.512334, 5.67561, 0),(1e-06, 0.529157, 5.67053, 0),(1e-06, 0.423363, 5.7992, 0),(1e-06, 0.412141, 5.56469, 0),(1e-06, 0.451397, 5.65186, 0),(1e-06, 0.932349, 5.72291, 0),(1e-06, 0.90431, 5.69701, 0),(1e-06, 0.891411, 5.6608, 0),(1e-06, 0.825616, 5.72233, 0),(1e-06, 0.870478, 5.74168, 0),(1e-06, 0.884498, 5.77499, 0),(1e-06, 0.62692, 5.75938, 0),(1e-06, 0.653839, 5.83411, 0),(1e-06, 0.694962, 5.83647, 0),(1e-06, 0.755519, 5.66639, 0),(1e-06, 0.791782, 5.65858, 0),(1e-06, 0.715517, 5.65026, 0),(0.957684, 0.695007, 5.71626, 0),(1e-06, 0.705799, 5.70046, 0),(1e-06, 1.3965, 0.215156, 0),(1e-06, 1.39762, 0.176701, 0),(1e-06, 1.2993, 0.200047, 0),(1e-06, 1.32397, 0.119485, 0),(1e-06, 1.34735, 0.461883, 0),(1e-06, 1.35538, 0.370996, 0),(1e-06, 1.3623, 0.374819, 0),(1e-06, 1.32921, 0.325933, 0),(1e-06, 1.27482, 0.317185, 0),(1e-06, 1.28248, 0.272736, 0),(1e-06, 1.31837, 0.278814, 0),(1e-06, 1.20454, 0.419982, 0),(1e-06, 1.20416, 0.321551, 0),(1e-06, 0.906195, 6.24812, 0),(1e-06, 0.938903, 6.14527, 0),(1e-06, 0.920025, 6.15983, 0),(1e-06, 1.00733, 0.220285, 0),(1e-06, 1.0505, 0.162801, 0),(1e-06, 1.00377, 6.22166, 0),(1e-06, 1.06358, 6.21738, 0),(1e-06, 1.03741, 6.23054, 0),(1e-06, 1.08022, 0.0245802, 0),(1e-06, 1.02284, 0.0104574, 0),(1e-06, 1.02994, 0.078298, 0),(1e-06, 1.15742, 0.0496745, 0),(17.5715, 1.20095, 0.000484327, 0),(1e-06, 1.25368, 6.2653, 0),(1e-06, 1.11349, 6.07743, 0),(1e-06, 1.22826, 6.13164, 0),(1e-06, 1.1948, 6.05022, 0),(1e-06, 1.89484, 0.52929, 0),(1e-06, 1.94718, 0.586861, 0),(1e-06, 2.05839, 0.337575, 0),(1e-06, 2.01091, 0.341158, 0),(1e-06, 2.04681, 0.456699, 0),(1e-06, 1.95783, 0.405475, 0),(1e-06, 1.96437, 0.463554, 0),(1e-06, 1.62977, 0.140775, 0),(1e-06, 1.61688, 0.105204, 0),(1e-06, 1.66286, 0.302861, 0),(1e-06, 1.64548, 0.198792, 0),(1e-06, 1.67613, 0.152634, 0),(1e-06, 2.01296, 0.168415, 0),(1e-06, 1.98792, 0.142481, 0),(1e-06, 1.8524, 0.0700144, 0),(1e-06, 1.90174, 0.108245, 0),(1e-06, 1.91109, 0.10665, 0),(1e-06, 1.79147, 0.351982, 0),(1e-06, 1.81091, 0.376739, 0),(1e-06, 1.81091, 0.406096, 0),(1e-06, 1.89222, 0.236768, 0),(1e-06, 1.8924, 0.242907, 0),(1e-06, 1.79576, 0.279455, 0),(1e-06, 1.84661, 0.207075, 0),(1e-06, 1.79838, 0.197316, 0),(1e-06, 1.80436, 0.202754, 0),(1e-06, 1.56006, 0.337372, 0),(1e-06, 1.45557, 0.409625, 0),(1e-06, 1.49221, 0.372888, 0),(1e-06, 1.71222, 0.458914, 0),(1e-06, 1.67614, 0.459827, 0),(1e-06, 1.66399, 0.45776, 0),(1e-06, 1.6511, 0.575122, 0),(1e-06, 1.63857, 0.517701, 0),(1e-06, 1.61521, 0.535654, 0),(1e-06, 1.55726, 0.502133, 0),(1e-06, 1.59483, 0.437718, 0),(1e-06, 1.37128, 0.676943, 0),(1e-06, 1.36231, 0.756807, 0),(1e-06, 1.52549, 0.610498, 0),(1e-06, 1.51521, 0.603037, 0),(1e-06, 1.49334, 0.691981, 0),(1e-06, 1.45707, 0.643826, 0),(1e-06, 1.65391, 0.743912, 0),(1e-06, 1.59222, 0.772516, 0),(1e-06, 1.57802, 0.777376, 0),(1e-06, 1.69073, 0.642502, 0),(1e-06, 1.62643, 0.660896, 0),(1e-06, 1.56904, 0.651887, 0),(1e-06, 1.99033, 5.93642, 0),(1e-06, 1.97239, 5.93417, 0),(1e-06, 1.96659, 5.93777, 0),(1e-06, 1.79126, 5.88689, 0),(1e-06, 1.92098, 5.88423, 0),(1e-06, 1.88285, 5.85297, 0),(1e-06, 1.85032, 5.8461, 0),(1e-06, 1.85294, 5.81511, 0),(1e-06, 2.16155, 5.78641, 0),(1e-06, 2.135, 5.71092, 0),(1e-06, 2.08864, 5.66022, 0),(1e-06, 2.16268, 5.99599, 0),(1e-06, 2.13407, 5.87285, 0),(1e-06, 2.07538, 5.89591, 0),(1e-06, 2.06174, 6.11475, 0),(1e-06, 1.97651, 6.12862, 0),(1e-06, 1.98099, 6.0849, 0),(1e-06, 2.10848, 0.0483691, 0),(1e-06, 2.10548, 6.25429, 0),(1e-06, 2.09707, 6.20421, 0),(1e-06, 1.73687, 5.99434, 0),(1e-06, 1.85388, 6.00301, 0),(1e-06, 1.80547, 6.08979, 0),(1e-06, 1.7922, 6.06373, 0),(1e-06, 1.81239, 6.05024, 0),(1e-06, 1.70398, 0.0104139, 0),(1e-06, 1.85239, 6.25387, 0),(1e-06, 1.77519, 6.19165, 0),(1e-06, 1.79968, 6.23836, 0),(1e-06, 1.55033, 6.25842, 0),(1e-06, 1.5436, 0.020287, 0),(1e-06, 1.53425, 0.0127848, 0),(1.5358, 1.51086, 6.2218, 0),(1e-06, 1.57537, 6.16486, 0),(1e-06, 1.60023, 6.21997, 0),(1e-06, 1.37107, 0.039846, 0),(1e-06, 1.31069, 3.93701e-05, 0),(1e-06, 1.41481, 6.21635, 0),(1e-06, 1.39107, 6.1398, 0),(1e-06, 1.35424, 6.15009, 0),(1e-06, 1.71574, 5.76701, 0),(1e-06, 1.66228, 5.70127, 0),(1e-06, 1.62041, 5.7111, 0),(1e-06, 1.62975, 5.54929, 0),(1e-06, 1.63872, 5.59522, 0),(1e-06, 1.51386, 5.72306, 0),(1e-06, 1.42806, 5.59488, 0),(1e-06, 1.52844, 5.64014, 0),(1e-06, 1.51928, 5.57067, 0),(1e-06, 1.31591, 5.72206, 0),(1e-06, 1.39835, 5.76782, 0),(1e-06, 1.39349, 5.83575, 0),(1e-06, 1.2533, 5.84173, 0),(1e-06, 1.28732, 5.86225, 0),(1e-06, 1.29797, 5.8515, 0),(1e-06, 1.16694, 5.74131, 0),(1e-06, 1.17031, 5.90447, 0),(1e-06, 1.22227, 5.8763, 0),(1e-06, 1.21236, 5.85692, 0),(1e-06, 1.58134, 5.84949, 0),(1e-06, 1.65144, 5.90539, 0),(1e-06, 1.63182, 5.95125, 0),(1e-06, 1.66808, 5.95461, 0),(1e-06, 1.4705, 5.85539, 0),(1e-06, 1.44732, 5.90722, 0),(1e-06, 1.43611, 5.95551, 0),(1e-06, 1.45779, 6.03874, 0),(1e-06, 1.41181, 6.03886, 0),(1e-06, 1.35199, 5.94366, 0),(1e-06, 1.30041, 6.00771, 0),(1e-06, 1.18552, 2.24732, 0),(1e-06, 1.20683, 2.206, 0),(1e-06, 1.1102, 2.29103, 0),(1e-06, 1.13786, 2.21206, 0),(1e-06, 1.10683, 2.19382, 0),(1e-06, 1.21207, 2.43615, 0),(1e-06, 1.25394, 2.43105, 0),(1e-06, 1.2102, 2.35382, 0),(1e-06, 1.17487, 2.29741, 0),(1e-06, 1.20085, 2.30161, 0),(1e-06, 1.07803, 1.89415, 0),(1e-06, 1.17561, 1.903, 0),(1e-06, 1.22365, 2.10051, 0),(1e-06, 1.17505, 2.09844, 0),(1e-06, 1.06346, 2.07822, 0),(1e-06, 1.13, 2.02269, 0),(1e-06, 1.33169, 2.05603, 0),(1e-06, 1.36384, 2.04728, 0),(1e-06, 1.30552, 2.01446, 0),(1e-06, 1.29655, 2.05774, 0),(1e-06, 1.35992, 2.31349, 0),(1e-06, 1.38628, 2.16504, 0),(1e-06, 1.37693, 2.21876, 0),(1e-06, 0.74699, 1.72729, 0),(1e-06, 0.891107, 1.73338, 0),(1e-06, 0.818583, 1.76488, 0),(1e-06, 0.857276, 1.78745, 0),(1e-06, 0.860081, 1.83596, 0),(1e-06, 0.675597, 2.08157, 0),(1e-06, 0.732603, 1.92468, 0),(1e-06, 0.713166, 2.00294, 0),(1e-06, 0.907006, 2.09003, 0),(1e-06, 0.858964, 1.99185, 0),(1e-06, 0.856162, 2.0438, 0),(1e-06, 0.920086, 1.92304, 0),(1e-06, 0.831859, 1.93433, 0),(1e-06, 0.824754, 1.88016, 0),(1e-06, 0.826249, 1.84745, 0),(1e-06, 1.08665, 2.40277, 0),(1e-06, 1.02758, 2.39044, 0),(1e-06, 0.971124, 2.2263, 0),(1e-06, 0.930939, 2.31714, 0),(1e-06, 0.913555, 2.31614, 0),(1e-06, 0.915798, 2.30291, 0),(1e-06, 0.711866, 2.28467, 0),(1e-06, 0.776729, 2.33834, 0),(1e-06, 0.856172, 2.36166, 0),(1e-06, 0.842898, 2.30708, 0),(1e-06, 0.813179, 2.3262, 0),(1e-06, 0.820843, 2.35645, 0),(1e-06, 0.887388, 2.39155, 0),(1e-06, 0.872062, 2.42975, 0),(1e-06, 0.888324, 2.434, 0),(1e-06, 0.825894, 2.49121, 0),(1e-06, 0.828322, 2.40534, 0),(1e-06, 0.818229, 2.44463, 0),(1e-06, 0.816561, 2.9156, 0),(1e-06, 0.85731, 2.9225, 0),(1e-06, 0.783473, 2.8318, 0),(1e-06, 0.84198, 2.83378, 0),(1e-06, 0.792078, 3.06943, 0),(1e-06, 0.778618, 2.99351, 0),(1e-06, 0.752448, 2.97156, 0),(1e-06, 0.84797, 3.14017, 0),(1e-06, 0.886473, 3.03932, 0),(1e-06, 0.846085, 2.61, 0),(1e-06, 0.876552, 2.57157, 0),(1e-06, 0.856744, 2.74205, 0),(1e-06, 0.88123, 2.72651, 0),(1e-06, 0.790197, 2.66618, 0),(1e-06, 0.757113, 2.69642, 0),(1e-06, 0.929463, 2.97314, 0),(1e-06, 0.963668, 2.93017, 0),(1e-06, 1.04536, 3.06551, 0),(1e-06, 1.01021, 2.89299, 0),(1e-06, 1.01601, 2.93404, 0),(1.46839, 0.985718, 2.78207, 0),(1e-06, 1.09806, 2.84189, 0),(1e-06, 1.06909, 2.86722, 0),(1e-06, 1.00273, 2.62464, 0),(1e-06, 0.983284, 2.56, 0),(1e-06, 1.13451, 2.68188, 0),(1e-06, 1.09937, 2.75926, 0),(1e-06, 1.07152, 2.70651, 0),(1e-06, 1.43622, 3.26718, 0),(1e-06, 1.38743, 3.26207, 0),(1e-06, 1.41154, 3.25864, 0),(1e-06, 1.36145, 3.24134, 0),(1e-06, 1.35266, 3.19875, 0),(1e-06, 1.41603, 3.13944, 0),(1e-06, 1.35808, 3.10592, 0),(1e-06, 1.48051, 3.17901, 0),(1e-06, 1.48238, 3.09263, 0),(1e-06, 1.37004, 2.94995, 0),(1e-06, 1.39639, 2.9831, 0),(1e-06, 1.4706, 2.97774, 0),(1e-06, 1.52144, 2.99092, 0),(1e-06, 1.33302, 2.77333, 0),(1e-06, 1.2347, 2.80774, 0),(1e-06, 1.28461, 2.85652, 0),(1e-06, 1.15937, 2.90948, 0),(1e-06, 1.19508, 2.97315, 0),(1e-06, 1.18611, 3.07657, 0),(1e-06, 1.21658, 3.12587, 0),(1e-06, 1.33639, 3.02992, 0),(1e-06, 1.28032, 3.05897, 0),(1e-06, 1.24761, 3.04906, 0),(1e-06, 2.18034, 2.86357, 0),(1e-06, 2.18296, 2.83907, 0),(1.80251, 2.17889, 2.91394, 0),(1e-06, 2.13716, 2.89927, 0),(1e-06, 2.14501, 2.90905, 0),(1e-06, 1.90235, 1.75994, 0),(1e-06, 1.90871, 1.65866, 0),(1e-06, 2.00927, 1.61485, 0),(1e-06, 2.08254, 1.52825, 0),(1e-06, 2.11619, 1.62004, 0),(1e-06, 2.17636, 1.07901, 0),(1e-06, 2.24496, 1.15744, 0),(1e-06, 2.22235, 1.25389, 0),(1e-06, 2.14459, 1.21112, 0),(1e-06, 2.1687, 1.22525, 0),(1e-06, 2.04721, 1.35245, 0),(1e-06, 1.99562, 1.38891, 0),(1e-06, 2.07636, 1.28122, 0),(1e-06, 2.15936, 1.38631, 0),(1e-06, 2.16328, 1.27648, 0),(1e-06, 2.1717, 1.3422, 0),(1e-06, 2.14048, 1.30193, 0),(1e-06, 2.14926, 1.32839, 0),(1e-06, 2.40648, 1.65716, 0),(1e-06, 2.38218, 1.72109, 0),(1e-06, 2.4547, 1.5938, 0),(1e-06, 2.4648, 1.63048, 0),(1e-06, 2.47153, 1.75027, 0),(1e-06, 2.49938, 1.68599, 0),(1e-06, 2.46703, 1.38475, 0),(1e-06, 2.42685, 1.45184, 0),(1e-06, 2.34086, 1.47174, 0),(1e-06, 2.39021, 1.37366, 0),(1e-06, 2.40441, 1.37475, 0),(1e-06, 2.32685, 1.61595, 0),(1e-06, 2.33545, 1.61144, 0),(1e-06, 2.22609, 1.49552, 0),(1e-06, 2.24629, 1.59641, 0),(1e-06, 2.32163, 1.98553, 0),(1e-06, 2.36948, 1.9866, 0),(1e-06, 2.32986, 2.19775, 0),(1e-06, 2.31247, 2.06236, 0),(1e-06, 2.28219, 2.0699, 0),(1e-06, 2.26107, 2.05269, 0),(1e-06, 2.27377, 1.86624, 0),(1e-06, 2.35321, 1.82338, 0),(1e-06, 2.33882, 1.75611, 0),(1e-06, 2.3233, 1.70546, 0),(1e-06, 2.17451, 1.78464, 0),(1e-06, 2.15545, 1.94885, 0),(1e-06, 2.65004, 1.57303, 0),(1e-06, 2.66518, 1.54659, 0),(1e-06, 2.69078, 1.54206, 0),(1e-06, 2.71359, 1.57518, 0),(1e-06, 2.72125, 1.56554, 0),(1e-06, 2.54704, 1.37697, 0),(1e-06, 2.51694, 1.42935, 0),(1e-06, 2.53433, 1.48179, 0),(1e-06, 2.62125, 1.49676, 0),(1e-06, 2.64536, 1.45704, 0),(1e-06, 2.6448, 1.40234, 0),(1e-06, 2.61844, 1.24457, 0),(1e-06, 2.69283, 1.36603, 0),(1e-06, 2.69695, 1.40922, 0),(1e-06, 2.60593, 1.70988, 0),(1e-06, 2.55714, 1.66282, 0),(1e-06, 2.55471, 1.72705, 0),(1e-06, 2.56144, 1.77706, 0),(1e-06, 2.70686, 1.74169, 0),(1e-06, 2.68518, 1.74054, 0),(1e-06, 2.63752, 1.84125, 0),(1e-06, 2.67434, 1.81783, 0),(1e-06, 2.66743, 1.77324, 0),(1e-06, 2.75286, 2.08647, 0),(1e-06, 2.73884, 2.12958, 0),(1e-06, 2.68407, 1.97731, 0),(1e-06, 2.68481, 1.97674, 0),(1e-06, 2.76108, 1.94985, 0),(1e-06, 2.72276, 1.8176, 0),(1e-06, 2.70369, 1.89152, 0),(1e-06, 2.48406, 2.09496, 0),(1e-06, 2.49341, 2.10704, 0),(1e-06, 2.54182, 1.93224, 0),(1e-06, 2.58519, 2.07081, 0),(1e-06, 2.63416, 2.12656, 0),(1e-06, 2.33767, 1.00379, 0),(1e-06, 2.293, 1.037, 0),(1e-06, 2.31263, 1.0166, 0),(1e-06, 2.44515, 0.917534, 0),(1e-06, 2.53506, 1.05099, 0),(1e-06, 2.51488, 1.12618, 0),(1e-06, 2.51749, 1.11904, 0),(1e-06, 2.50254, 1.25036, 0),(1e-06, 2.48235, 1.1679, 0),(1e-06, 2.45114, 1.13354, 0),(1e-06, 2.45189, 1.17545, 0),(1e-06, 2.37114, 1.22177, 0),(1e-06, 2.41917, 1.07314, 0),(1e-06, 2.3988, 1.10768, 0),(1e-06, 2.75768, 0.814359, 0),(1e-06, 2.69525, 0.867092, 0),(1e-06, 2.65469, 0.8714, 0),(1e-06, 2.60235, 0.991054, 0),(1e-06, 2.5803, 0.976494, 0),(1e-06, 2.60066, 0.787694, 0),(1e-06, 2.60665, 0.887056, 0),(1e-06, 2.78573, 1.23262, 0),(1e-06, 2.76349, 1.27526, 0),(1e-06, 2.73395, 1.0933, 0),(1e-06, 2.72106, 1.24803, 0),(1e-06, 2.74087, 1.23097, 0),(1e-06, 2.82274, 1.1045, 0),(1e-06, 2.85209, 1.24345, 0),(1e-06, 2.85433, 1.22304, 0),(1e-06, 2.89488, 0.690692, 0),(1e-06, 2.86442, 1.07585, 0),(1e-06, 2.88535, 0.934333, 0),(1e-06, 2.88741, 1.02679, 0),(1e-06, 2.87619, 0.994437, 0),(1e-06, 2.87731, 0.974029, 0),(1e-06, 2.85474, 2.27703, 0),(1e-06, 2.85417, 2.1042, 0),(1e-06, 2.88632, 2.01529, 0),(1e-06, 2.87753, 1.97802, 0),(1e-06, 2.77359, 1.48031, 0),(1e-06, 2.80163, 1.57491, 0),(1e-06, 2.79789, 1.65085, 0),(1e-06, 2.88388, 1.73835, 0),(1e-06, 2.8536, 1.74614, 0),(1e-06, 2.85435, 1.90214, 0),(1e-06, 2.82126, 1.82945, 0),(1e-06, 2.83697, 1.85683, 0),(1e-06, 2.97546, 1.53498, 0),(1e-06, 2.93434, 1.57177, 0),(1e-06, 2.94761, 1.47908, 0),(1e-06, 2.94649, 1.5074, 0),(1e-06, 2.94182, 1.49419, 0),(1e-06, 2.96125, 1.09009, 0),(1e-06, 2.94798, 1.2236, 0),(1e-06, 2.96368, 1.2174, 0),(1e-06, 2.89489, 1.2232, 0),(1e-06, 2.89378, 1.39271, 0),(1e-06, 2.91901, 1.38554, 0),(1e-06, 2.91153, 1.34875, 0),(1e-06, 2.97662, 2.57807, 0),(1e-06, 2.97343, 2.40143, 0),(1e-06, 3.02167, 2.60238, 0),(1e-06, 2.99623, 2.25334, 0),(1e-06, 3.01231, 2.30696, 0),(1e-06, 2.95062, 1.92353, 0),(1e-06, 2.95454, 1.97671, 0),(1e-06, 3.02314, 1.86052, 0),(1e-06, 3.02726, 2.21587, 0),(1e-06, 3.02389, 2.09185, 0),(1e-06, 3.0209, 2.08151, 0),(1e-06, 3.05789, 1.18297, 0),(1e-06, 3.03396, 1.21019, 0),(1e-06, 3.0463, 1.21358, 0),(1e-06, 3.04125, 1.10464, 0),(1e-06, 3.02685, 0.842193, 0),(1e-06, 3.03265, 1.02236, 0),(1e-06, 3.04685, 0.966208, 0),(1e-06, 3.02799, 1.54249, 0),(1e-06, 3.03117, 1.60195, 0),(1e-06, 3.02911, 1.57548, 0),(1e-06, 3.02612, 1.47451, 0),(1e-06, 3.02518, 1.38496, 0),(1e-06, 3.0536, 1.4786, 0),(1e-06, 3.05434, 1.45393, 0),(1e-06, 3.0607, 1.62743, 0),(1e-06, 3.06276, 1.73154, 0),(1e-06, 3.01186, 6.11418, 0),(1e-06, 2.9913, 5.9536, 0),(1e-06, 2.99822, 6.02504, 0),(1e-06, 2.92776, 0.278969, 0),(1e-06, 2.95618, 0.314687, 0),(1e-06, 2.94889, 0.324305, 0),(1e-06, 2.99002, 0.736627, 0),(1e-06, 3.00516, 0.603233, 0),(1e-06, 2.97749, 0.463379, 0),(1e-06, 2.98197, 0.219963, 0),(1e-06, 2.99991, 0.293567, 0),(1e-06, 2.76197, 0.45785, 0),(1e-06, 2.8216, 0.674275, 0),(1e-06, 2.77338, 0.610326, 0),(1e-06, 2.82552, 0.332486, 0),(1e-06, 2.85636, 0.380537, 0),(1e-06, 2.86982, 0.292802, 0),(1e-06, 2.91504, 0.0461017, 0),(1e-06, 2.87149, 0.112749, 0),(1e-06, 2.89804, 0.236966, 0),(1e-06, 3.01184, 5.44339, 0),(1e-06, 2.96754, 5.21084, 0),(1e-06, 2.99819, 5.1698, 0),(1e-06, 3.00997, 5.12733, 0),(1e-06, 2.9677, 4.33356, 0),(1e-06, 2.95648, 4.39213, 0),(1e-06, 3.00135, 4.70166, 0),(1e-06, 3.01406, 4.65797, 0),(1e-06, 3.0464, 4.68904, 0),(1e-06, 3.03088, 4.58366, 0),(1e-06, 3.06509, 4.43152, 0),(1e-06, 3.06398, 4.80795, 0),(1e-06, 3.07519, 4.76172, 0),(1e-06, 2.99476, 2.99678, 0),(1e-06, 2.97963, 3.24814, 0),(1e-06, 2.98037, 3.20134, 0),(1e-06, 2.98881, 3.97561, 0),(1e-06, 3.02768, 3.71961, 0),(1e-06, 3.01441, 3.57282, 0),(1e-06, 3.01254, 3.64598, 0),(1e-06, 3.04019, 3.28656, 0),(1e-06, 3.05383, 3.04751, 0),(1e-06, 3.06656, 3.60881, 0),(1e-06, 3.05666, 3.75707, 0),(1e-06, 3.07349, 4.02221, 0),(1e-06, 3.0817, 3.71898, 0),(1e-06, 3.09105, 3.8476, 0),(1e-06, 3.09796, 3.68693, 0),(1e-06, 3.10121, 5.99677, 0),(1e-06, 3.10177, 6.07527, 0),(1e-06, 3.07243, 6.18845, 0),(1e-06, 3.08515, 0.118853, 0),(1e-06, 3.08701, 6.14782, 0),(1e-06, 3.0616, 0.378507, 0),(1e-06, 3.05581, 0.633784, 0),(1e-06, 3.10088, 1.30533, 0),(1e-06, 3.10368, 1.23951, 0),(1e-06, 3.09619, 0.524938, 0),(1e-06, 3.10386, 0.692087, 0),(1e-06, 3.09601, 0.731627, 0),(1e-06, 3.09919, 0.944953, 0),(1e-06, 3.09713, 0.860759, 0),(1e-06, 3.09713, 0.879445, 0),(1e-06, 3.08501, 1.75736, 0),(1e-06, 3.1037, 1.61584, 0),(1e-06, 3.10071, 1.88215, 0),(1e-06, 3.08914, 2.56836, 0),(1e-06, 3.08933, 2.6932, 0),(1e-06, 3.05512, 2.56465, 0),(1e-06, 3.08016, 2.17329, 0),(1e-06, 3.07437, 2.23212, 0),(1e-06, 3.07493, 2.324, 0),(1e-06, 3.07931, 5.16723, 0),(1e-06, 3.09875, 5.10386, 0),(1e-06, 3.09727, 5.4424, 0),(1e-06, 3.10903, 5.01681, 0),(1e-06, 3.11594, 4.81489, 0),(1e-06, 3.11499, 4.37108, 0),(1e-06, 3.11574, 4.39495, 0),(1e-06, 3.0948, 4.30003, 0),(1e-06, 3.10322, 4.57701, 0),(1e-06, 3.10435, 4.80517, 0),(1e-06, 3.12213, 5.60554, 0),(1e-06, 3.13057, 0.035551, 0),(1e-06, 3.13762, 4.71346, 0),(1e-06, 3.13989, 5.58306, 0),(1e-06, 3.13931, 4.92508, 0),(1e-06, 3.13882, 0.965125, 0),(1e-06, 3.1412, 5.67757, 0),(1e-06, 3.14159, 6.27748, 0),(1e-06, 3.1414, 5.96558, 0),(1e-06, 3.116, 0.485408, 0),(1e-06, 3.12257, 1.47225, 0),(1e-06, 3.12163, 1.12964, 0),(1e-06, 3.09963, 3.10375, 0),(1e-06, 3.09122, 3.16156, 0),(1e-06, 3.11702, 3.4527, 0),(1e-06, 3.11778, 3.73321, 0),(1e-06, 3.11871, 3.74315, 0),(1e-06, 3.11344, 2.29549, 0),(1e-06, 3.11307, 2.67366, 0),(1e-06, 3.13494, 2.51656, 0),(1e-06, 3.13625, 2.62296, 0),(1e-06, 3.12524, 3.11781, 0),(1e-06, 3.13405, 4.01824, 0),(1e-06, 3.13272, 3.45137, 0),(1e-06, 2.61664, 3.78462, 0),(1e-06, 2.64506, 3.94583, 0),(1e-06, 2.67085, 3.83601, 0),(1e-06, 2.51982, 3.96949, 0),(1e-06, 2.49402, 3.8294, 0),(1e-06, 2.54935, 3.79488, 0),(1e-06, 2.25233, 3.70524, 0),(1e-06, 2.21121, 3.76224, 0),(1e-06, 2.34298, 3.55434, 0),(1e-06, 2.24167, 3.62399, 0),(1e-06, 2.29233, 3.62907, 0),(1e-06, 2.44579, 3.57647, 0),(1e-06, 2.45813, 3.72906, 0),(1e-06, 2.36617, 3.71706, 0),(1e-06, 2.41177, 3.65573, 0),(1e-06, 2.34897, 3.8203, 0),(1e-06, 2.35608, 3.85003, 0),(1e-06, 2.40019, 3.95572, 0),(1e-06, 2.40038, 3.87398, 0),(1e-06, 2.43309, 3.82488, 0),(1e-06, 2.51962, 3.314, 0),(1e-06, 2.52354, 3.28117, 0),(1e-06, 2.53831, 3.27496, 0),(1e-06, 2.55495, 3.4987, 0),(1e-06, 2.55757, 3.51172, 0),(1e-06, 2.48822, 3.46882, 0),(1e-06, 2.50223, 3.36252, 0),(1e-06, 2.4927, 3.36166, 0),(1e-06, 2.59064, 3.15324, 0),(1e-06, 2.65831, 3.31079, 0),(1e-06, 2.64784, 3.29483, 0),(1e-06, 2.73102, 3.20287, 0),(1e-06, 2.72766, 3.18399, 0),(1e-06, 2.71625, 3.09033, 0),(1e-06, 2.70036, 2.99273, 0),(1e-06, 2.66859, 3.08039, 0),(1e-06, 2.67643, 3.03746, 0),(1e-06, 2.24128, 3.07212, 0),(1e-06, 2.274, 3.26309, 0),(1e-06, 2.25848, 3.23767, 0),(1e-06, 2.35736, 3.17132, 0),(1e-06, 2.39569, 3.30573, 0),(1e-06, 2.39213, 3.24885, 0),(1e-06, 2.4583, 3.11432, 0),(1e-06, 2.40801, 3.00168, 0),(1e-06, 2.37231, 3.06439, 0),(1e-06, 2.36745, 3.08978, 0),(1e-06, 2.5183, 3.00185, 0),(1e-06, 2.56278, 2.94185, 0),(1e-06, 2.53736, 2.88298, 0),(1e-06, 2.42764, 2.9235, 0),(1e-06, 2.46035, 2.86078, 0),(1e-06, 2.43698, 2.85557, 0),(1e-06, 2.3381, 2.7623, 0),(1e-06, 2.3738, 2.88178, 0),(1e-06, 2.37455, 2.90437, 0),(1e-06, 2.72414, 4.21652, 0),(1e-06, 2.71161, 4.20788, 0),(1e-06, 2.72768, 3.95554, 0),(1e-06, 2.78656, 4.09701, 0),(1e-06, 2.81161, 4.11315, 0),(1e-06, 2.81666, 4.05677, 0),(1e-06, 2.74116, 4.59667, 0),(1e-06, 2.73087, 4.49651, 0),(1e-06, 2.73555, 4.491, 0),(1e-06, 2.83704, 4.20285, 0),(1e-06, 2.81517, 4.25895, 0),(1e-06, 2.79666, 4.30122, 0),(1e-06, 2.82153, 4.45521, 0),(1e-06, 2.80527, 4.4672, 0),(1e-06, 2.84769, 4.32025, 0),(1e-06, 2.84508, 4.43027, 0),(1e-06, 2.73271, 3.47817, 0),(1e-06, 2.78355, 3.29859, 0),(1e-06, 2.73906, 3.34178, 0),(1e-06, 2.7316, 3.68736, 0),(1e-06, 2.81645, 3.45248, 0),(1e-06, 2.7901, 3.50469, 0),(1e-06, 2.90561, 3.47335, 0),(1e-06, 2.93141, 3.54051, 0),(1e-06, 2.93178, 3.45542, 0),(1e-06, 2.95759, 3.74932, 0),(1e-06, 2.93459, 3.70343, 0),(1e-06, 2.92506, 3.6923, 0),(1e-06, 2.86898, 3.43942, 0),(1e-06, 2.83982, 3.54443, 0),(1e-06, 2.86225, 3.5632, 0),(1e-06, 2.90544, 3.85741, 0),(1e-06, 2.84805, 3.74868, 0),(1e-06, 2.88787, 3.7802, 0),(1e-06, 2.86693, 3.78393, 0),(1e-06, 2.84205, 3.17001, 0),(1e-06, 2.83083, 3.08047, 0),(1e-06, 2.75962, 3.05659, 0),(1e-06, 2.79083, 2.93217, 0),(1e-06, 2.92073, 2.70457, 0),(1e-06, 2.90839, 2.57018, 0),(0.553875, 2.87562, 2.7474, 0),(1e-06, 2.92373, 2.93556, 0),(1e-06, 2.83774, 2.69016, 0),(1e-06, 2.814, 2.73006, 0),(1e-06, 2.82316, 2.697, 0),(1e-06, 2.76933, 2.76288, 0),(1e-06, 2.77624, 2.66491, 0),(1e-06, 2.41679, 2.58778, 0),(1e-06, 2.46763, 2.47213, 0),(1e-06, 2.41398, 2.49226, 0),(1e-06, 2.42333, 2.47837, 0),(1e-06, 2.4508, 2.38824, 0),(1e-06, 2.49248, 2.35148, 0),(1e-06, 2.50875, 2.36989, 0),(1e-06, 2.56333, 2.33678, 0),(1e-06, 2.64389, 2.31574, 0),(1e-06, 2.56689, 2.61908, 0),(1e-06, 2.53885, 2.58757, 0),(1e-06, 2.51754, 2.75832, 0),(1e-06, 2.61231, 2.65498, 0),(1e-06, 2.5824, 2.69181, 0),(1e-06, 2.58745, 2.80085, 0),(1e-06, 2.6383, 2.81939, 0),(1e-06, 2.66017, 2.84109, 0),(1e-06, 2.72727, 2.84475, 0),(1e-06, 2.73063, 2.77949, 0),(1e-06, 2.73456, 2.79678, 0),(1e-06, 2.69698, 2.58999, 0),(1e-06, 2.65175, 2.57027, 0),(1e-06, 2.2237, 2.74348, 0),(1e-06, 2.15716, 2.67351, 0),(1e-06, 2.29024, 2.52426, 0),(1e-06, 2.25491, 2.56748, 0),(1e-06, 2.21884, 2.58132, 0),(1e-06, 2.23547, 2.37734, 0),(1e-06, 2.19304, 2.53049, 0),(1e-06, 2.20912, 2.50893, 0),(1e-06, 2.01921, 2.73554, 0),(1e-06, 2.01173, 2.73804, 0),(1e-06, 2.01155, 2.73805, 0),(1e-06, 2.07715, 2.64893, 0),(1e-06, 2.07939, 2.53076, 0),(12.149, 2.04069, 2.58074, 0),(1e-06, 1.9878, 2.57456, 0),(1e-06, 1.65733, 2.78982, 0),(1e-06, 1.64032, 2.84555, 0),(1e-06, 1.61023, 2.80528, 0),(1e-06, 1.6306, 2.81633, 0),(1e-06, 1.6949, 2.8593, 0),(1e-06, 1.66425, 2.9182, 0),(1e-06, 1.68799, 2.94001, 0),(1e-06, 1.9837, 2.98107, 0),(1e-06, 1.93492, 2.9855, 0),(1e-06, 1.92632, 3.02975, 0),(1e-06, 1.84407, 2.98024, 0),(1e-06, 1.86893, 3.05197, 0),(1e-06, 1.88071, 3.04908, 0),(1e-06, 1.83191, 2.62741, 0),(1e-06, 1.83864, 2.63926, 0),(1e-06, 1.88294, 2.71376, 0),(1e-06, 1.91864, 2.6631, 0),(1e-06, 1.80612, 2.85324, 0),(1e-06, 1.85005, 2.77285, 0),(1e-06, 1.83958, 2.81167, 0),(1e-06, 1.97529, 2.856, 0),(1e-06, 1.9908, 2.87602, 0),(1e-06, 1.86893, 2.84558, 0),(1e-06, 1.92556, 2.83859, 0),(1e-06, 1.91229, 2.80977, 0),(1e-06, 1.3272, 1.77284, 0),(1e-06, 1.29449, 1.80748, 0),(1e-06, 1.22476, 1.69153, 0),(1e-06, 1.26906, 1.67574, 0),(1e-06, 1.27878, 1.73663, 0),(1e-06, 1.32009, 1.70087, 0),(1e-06, 1.38926, 1.89872, 0),(1e-06, 1.39954, 1.90589, 0),(1e-06, 1.53543, 1.91097, 0),(1e-06, 1.48403, 1.82066, 0),(1e-06, 1.46608, 1.77331, 0),(1e-06, 1.47878, 1.56297, 0),(1e-06, 1.51392, 1.55025, 0),(1e-06, 1.42327, 1.68394, 0),(1e-06, 1.43916, 1.66342, 0),(1e-06, 1.51337, 1.71181, 0),(1e-06, 1.55487